% Model:              vary_vr_vs.mph
% Version:            COMSOL 6.1.0.357
% Date:               Jan 22 2024, 12:17
% Dimension:          2
% Nodes:              702
% Expressions:        1
% Description:        
% Length unit:        m
% X                       Y                        R (1) @ t=2000, vr=0.00125, vs=2.5E-5
-3.2185288621379416E-7    -1.8572381877970273E-7   0.18426446165486834
-3.464101615137754E-7     -1.7142857142857154E-7   0.19820229515568474
-3.4641016151377534E-7    -2.0000000000000018E-7   0.12542957114102327
-3.216665785485055E-7     -2.1428571428571455E-7   0.11146999270806772
-3.2240928069010985E-7    -1.5705854423958233E-7   0.2940283946639201
-3.4641016151377534E-7    -1.428571428571429E-7    0.2873268335266827
-3.225372669095944E-7     -1.2835669014571344E-7   0.3981205108046781
-3.464101615137754E-7     -1.1428571428571426E-7   0.3443413267460766
-3.226505790968799E-7     -9.979918046549091E-8    0.4238826545482058
-3.464101615137754E-7     -8.57142857142856E-8     0.32588939806341943
-2.971784235870407E-7     -2.002977316053189E-7    0.14529909144581346
-2.9692299558323586E-7    -2.285714285714288E-7    0.08982501532746523
-2.726663591430695E-7     -2.150886733176994E-7    0.10446830214757141
-2.721794126179662E-7     -2.428571428571431E-7    0.06997486503116948
-2.970419112971601E-7     -1.7127197969524827E-7   0.24283804831923042
-2.984250897161936E-7     -1.4238708591137207E-7   0.3663710803626454
-2.9883772319840566E-7    -1.137428596497966E-7    0.43981962641802014
-3.227094323229268E-7     -7.129433600058974E-8    0.35476288599049205
-3.4641016151377545E-7    -5.7142857142856985E-8   0.24679166516503262
-2.98960461530783E-7      -8.531759279412057E-8    0.4149524032698868
-3.2274910683424814E-7    -4.2785120764698355E-8   0.23937865752698842
-3.4641016151377545E-7    -2.8571428571428334E-8   0.16211208269806462
-3.22772742450359E-7      -1.426823999712182E-8    0.14644509474541542
-3.4641016151377545E-7    3.044024654195142E-22    0.10382041149113296
-3.227873569478042E-7     1.4276856921837899E-8    0.09207002061308857
-3.464101615137755E-7     2.8571428571428943E-8    0.0717995587014272
-3.2279652179506735E-7    4.283173317241639E-8     0.06527418798826701
-3.464101615137755E-7     5.7142857142857594E-8    0.0585435774971041
-2.4797773427783804E-7    -2.2951079508192293E-7   0.07545106953590436
-2.4743582965269655E-7    -2.571428571428573E-7    0.05681315848997961
-2.232174279859183E-7     -2.438247474158508E-7    0.05951295203351368
-2.2269224668742689E-7    -2.714285714285716E-7    0.05184711840570047
-1.984838938014413E-7     -2.581209671139402E-7    0.05555540471093285
-1.9794866372215723E-7    -2.8571428571428585E-7   0.05627588662347379
-2.726482019635874E-7     -1.8670472557126884E-7   0.16679493845263782
-2.484743711522108E-7     -2.017456240728907E-7    0.10944031264390898
-2.6973747130760633E-7    -1.5545991900370475E-7   0.26291869364967635
-2.7487429499633223E-7    -1.2638659057578775E-7   0.3669917012350223
-2.7510141587428387E-7    -9.900248103476456E-8    0.38662833735838614
-2.9906819733185884E-7    -5.692603226254733E-8    0.3086793416023277
-2.7539384455293215E-7    -7.086019937006628E-8    0.32394634966717234
-2.9913349918088176E-7    -2.8480893739574735E-8   0.19346625237932427
-2.9917393086381337E-7    4.651447591501271E-12    0.11723444165063378
-2.992005556989835E-7     2.8533485783722284E-8    0.07630932374964837
-3.2279307767797585E-7    7.139753301380979E-8     0.056072098012547845
-3.464101615137755E-7     8.571428571428622E-8     0.05967228620741414
-2.9921053576606806E-7    5.706333881016915E-8     0.057485920440138734
-3.227737284899402E-7     9.995578258265904E-8     0.05999217406899008
-3.4641016151377555E-7    1.1428571428571487E-7    0.07538776824794956
-3.226890706693402E-7     1.284499777832436E-7     0.0766951927139388
-3.4641016151377555E-7    1.428571428571435E-7     0.11016007972568294
-3.2206364768440517E-7    1.5714258525731323E-7    0.10762036746652566
-3.464101615137756E-7     1.7142857142857215E-7    0.16995079351000944
-3.217858274325352E-7     1.8575689074569335E-7    0.15185795938881344
-3.464101615137756E-7     1.9999999999999973E-7    0.24952068585841425
-3.2166657854850595E-7    2.1428571428571405E-7    0.19659921905489383
-2.2372470856351993E-7    -2.162113321688961E-7    0.07551109987273429
-1.989822480332865E-7     -2.3054141228883285E-7   0.05984123707858626
-1.7375739930299766E-7    -2.72402253623322E-7     0.06411995055344233
-1.7320508075688757E-7    -3.000000000000001E-7    0.07346522018127186
-1.7430660989324938E-7    -2.4482241546383076E-7   0.0584688671725607
-1.2428669602684935E-7    -3.0094923131239165E-7   0.14247143857228575
-1.484614977916179E-7     -3.142857142857144E-7    0.11109824428133902
-1.2371791482634825E-7    -3.285714285714287E-7    0.18187970299513154
-1.490270267712511E-7     -2.8667827338588143E-7   0.08970157282151474
-9.961865313267822E-8     -3.1518767737665194E-7   0.23475423799191894
-9.897433186107859E-8     -3.428571428571429E-7    0.29177568259681436
-7.490488457947837E-8     -3.2941466350321175E-7   0.35480307443003783
-7.423074889580893E-8     -3.571428571428572E-7    0.40006030379441243
-5.0158616014917054E-8    -3.43576515695792E-7     0.43341869050344695
-4.948716593053927E-8     -3.7142857142857145E-7   0.4325092561085473
-2.5283244691072252E-8    -3.5791171068086246E-7   0.4160440232627291
-2.474358296526961E-8     -3.8571428571428574E-7   0.36739197390417333
-7.64512586975464E-11     -3.7185860794985626E-7   0.3121493353818456
4.8985871965894126E-23    -4.0E-7                  0.24952068585841353
2.4743582965269365E-8     -3.857142857142859E-7    0.19659921905489378
-2.4720150787725773E-7    -1.7452115144609188E-7   0.1586820294053067
-2.235402379347499E-7     -1.8867691587015144E-7   0.10129184820283843
-2.4397182873911835E-7    -1.5242567405834326E-7   0.19963882092787882
-2.5399946456359517E-7    -1.345222257678213E-7    0.2718554541041302
-2.5110744354077555E-7    -1.1206298941936386E-7   0.2890693966182494
-2.517186890555203E-7     -8.476098597636582E-8    0.27441973712402734
-2.755350045398368E-7     -4.256452427080592E-8    0.22179776432445739
-2.520005468451977E-7     -5.655858909117629E-8    0.21241073184283268
-2.756008942651868E-7     -1.4195593123374757E-8   0.13851405162283792
-2.7566066626137155E-7    1.4250815436934406E-8    0.08817881593851755
-2.757077428197224E-7     4.2735741024482336E-8    0.061866806068728915
-2.99175432269695E-7      8.567183215768545E-8     0.05248400961138668
-2.756721755583092E-7     7.116871549942073E-8     0.050385874471700016
-2.990936767820316E-7     1.1423711216799967E-7    0.0577934024913595
-2.9802096577312326E-7    1.4271497241801327E-7    0.07168358724738196
-2.9700817314311387E-7    1.7156987994069894E-7    0.09313434743685876
-2.971617287998141E-7     2.0011818115785908E-7    0.11857290294866617
-2.9692299558323624E-7    2.2857142857142834E-7    0.13583783991172307
-1.993403547201258E-7     -2.029979516533754E-7    0.07036576402999069
-1.7483538397415163E-7    -2.172831615514634E-7    0.05803794932191352
-1.4959618636364993E-7    -2.590842111048039E-7    0.07145980752226853
-1.502605298942781E-7     -2.315352953184585E-7    0.059814470390324954
-1.002722474746796E-7     -2.8757363569715373E-7   0.16377765001499836
-1.2495358780750134E-7    -2.7334017343121725E-7   0.10358903176665947
-7.561780369748556E-8     -3.0174688252126257E-7   0.25485944358274787
-5.102425535907923E-8     -3.1584516519070867E-7   0.3455932891043241
-2.6021396633524316E-8    -3.2971612622854055E-7   0.37380804087073555
-2.713115297869025E-10    -3.4370115225542404E-7   0.31452447468152317
2.509584866867407E-8      -3.5811021333427944E-7   0.21518246829147245
4.948716593053906E-8      -3.714285714285716E-7    0.13583783991172302
-2.2289513384395194E-7    -1.6104542730172966E-7   0.13447626234185553
-1.9958649548387487E-7    -1.7554050872304264E-7   0.08658677766679557
-2.2533884879579154E-7    -1.3017567949297308E-7   0.17666949631223589
-2.2820450501586972E-7    -9.897881148236494E-8    0.19651728577082442
-2.285813593947674E-7     -7.070221359456885E-8    0.17283662924926513
-2.521181050320809E-7     -2.8232963002886834E-8   0.14448388087328312
-2.2870167386314395E-7    -4.210344970068797E-8    0.13156245902196126
-2.5220215971802495E-7    1.021153406988307E-10    0.09552451485529773
-2.522973306053145E-7     2.8472804492959212E-8    0.06643388049707201
-2.523701233268442E-7     5.6866008508915127E-8    0.05125075890107695
-2.7554698206770616E-7    9.927364807061829E-8     0.048363037522030576
-2.522896227019979E-7     8.531687260481086E-8     0.044948578213566855
-2.7528559758650884E-7    1.2606316185433192E-7    0.052726958189034286
-2.695695342211168E-7     1.5554790994287925E-7    0.059711237800648395
-2.7224870132825525E-7    1.8674501708447823E-7    0.07496603634874395
-2.7242156009543716E-7    2.1488539608983419E-7    0.08602809063546285
-2.721794126179665E-7     2.4285714285714266E-7    0.08988575621995822
-1.753605243401804E-7     -1.8981908803803352E-7   0.06267190014580178
-1.5093675773063055E-7    -2.0405819736119056E-7   0.05478384280050171
-1.2559927658269303E-7    -2.45757475613631E-7     0.0755885293825284
-1.2640712724309884E-7    -2.1824579754540053E-7   0.058895194097478225
-7.658367119018632E-8     -2.7414911757289193E-7   0.16194537967810094
-1.0099131376449631E-7    -2.599923854321679E-7    0.10870241556615466
-5.227556027314607E-8     -2.881075398104625E-7    0.22652293206046625
-2.8134316418150623E-8    -3.015883435398662E-7    0.2702293625328169
-3.6147442519742336E-10   -3.117485910869562E-7    0.24289663311393858
2.5486843226650335E-8     -3.3026200924395674E-7   0.19598330949770684
4.991793739708586E-8      -3.438212723256055E-7    0.1349337093147072
7.423074889580877E-8      -3.5714285714285726E-7   0.08988575621995816
-2.004061068071377E-7     -1.4830761688204912E-7   0.10573592085041468
-1.9717083934648908E-7    -1.2702565399836677E-7   0.11062018141471883
-1.7590625201097442E-7    -1.6243036026778713E-7   0.07067575923547986
-2.0495546850939463E-7    -1.070370370337456E-7    0.1306583596812166
-1.858716310889832E-7     -1.156329417906253E-7    0.09444286692352169
-2.0557469007593595E-7    -8.281801366976273E-8    0.12607519843383655
-2.0544738047968844E-7    -5.5144954975610544E-8   0.10730425572664692
-2.2884570583146406E-7    -1.3811276673901245E-8   0.09439482514140617
-2.0554518856064444E-7    -2.7338420519557362E-8   0.08546809813231998
-2.2899397396731382E-7    1.438230811481109E-8     0.06857201841125815
-2.2919520500102587E-7    4.258644484562788E-8     0.05310243363290667
-2.292413110134969E-7     7.083161766007606E-8     0.0449643354245759
-2.294602927589616E-7     9.89329315308045E-8      0.04170011998746256
-2.5081535964566613E-7    1.1247194135493283E-7    0.044194346572132163
-2.541039166756114E-7     1.3466662790612365E-7    0.04748165805874498
-2.4346281178646974E-7    1.5263378896570355E-7    0.0471236472375824
-2.467990471939679E-7     1.7436384506029043E-7    0.05250292696754488
-2.4803707607290696E-7    2.0150760686809694E-7    0.058624943214708146
-2.477786767100277E-7     2.2936871344141413E-7    0.06186260242975705
-2.4743582965269686E-7    2.5714285714285695E-7    0.06106600249587246
-1.5168690844865727E-7    -1.7665425987280387E-7   0.05475175390013052
-1.2730371149150365E-7    -1.9084561737384405E-7   0.05072546480808465
-1.0191261124632553E-7    -2.3241781210557222E-7   0.07438093878913345
-1.0288251382814831E-7    -2.0491420850233465E-7   0.055563971553495135
-5.351928694796271E-8     -2.606290823509844E-7    0.13827097975601754
-7.764046084485112E-8     -2.465326926372672E-7    0.1016498169311132
-2.9337541910137504E-8    -2.7437859738845264E-7   0.17186602125122488
-1.0884323635515677E-8    -2.876990781463951E-7    0.1927305320673469
9.780939795653307E-9      -2.8766854543334507E-7   0.15635858499682703
2.7513244218291916E-8     -3.0160488276116517E-7   0.14741208119609353
5.057439896603299E-8      -3.1616885714285723E-7   0.11678664771048015
7.474291310084642E-8      -3.295432392035211E-7    0.08451068055886057
9.897433186107847E-8      -3.4285714285714297E-7   0.06106600249587244
-1.7636705761157698E-7    -1.3455839668431134E-7   0.07878523953285754
-1.5257650358299756E-7    -1.4925326038927774E-7   0.05753663195558862
-1.7011840442402882E-7    -1.1416944273144565E-7   0.0750573749275439
-1.8074633541801295E-7    -9.537376618840365E-8    0.08735569912909259
-1.8210728355297768E-7    -6.72255216233679E-8     0.08289884861948514
-1.824940541964226E-7     -4.021260110956127E-8    0.07336058963036969
-2.0567665802333822E-7    5.809352721049719E-10    0.06718521814692291
-1.8252108636996932E-7    -1.2829156003237107E-8   0.06341069239653001
-2.0600653841001023E-7    2.8587546798598795E-8    0.054642335992287565
-2.0523202759407573E-7    8.492510200148362E-8     0.04285169293154717
-2.093011419189128E-7     1.0717893392785514E-7    0.04094087321037909
-2.064700741419335E-7     5.650133410329385E-8     0.047031759258382384
-1.9364150490515106E-7    1.0266313220879367E-7    0.042553967922590384
-2.248068685995265E-7     1.299762242362395E-7     0.041170796594284846
-1.9613744769237475E-7    1.2284861522463356E-7    0.041013964877998486
-2.22964332716698E-7      1.6138832013789364E-7    0.04258492168507041
-2.234231836819713E-7     1.8845963984846676E-7    0.0447319190125983
-2.2346561151012177E-7    2.160662129142119E-7     0.04636370280616418
-2.2312417198012265E-7    2.437520268235343E-7     0.046381411119016315
-2.226922466874272E-7     2.714285714285712E-7     0.04450873374084949
-1.2821510494639856E-7    -1.6363092679907838E-7   0.04799713679964557
-1.0387840694681503E-7    -1.7757292110639147E-7   0.04643497227026621
-7.868710467432088E-8     -2.189068715822643E-7    0.06793481947293933
-7.973122915170185E-8     -1.9141561064512013E-7   0.05054600515634128
-3.061920145392619E-8     -2.476874172575556E-7    0.10782434077964374
-5.4741991310300616E-8    -2.328865111901645E-7    0.08628467480934336
-5.925627321237269E-10    -2.60560123225452E-7     0.11426804212928766
2.767661010983912E-8      -2.737353649115671E-7    0.10488193690221358
5.145858548992813E-8      -2.8811455272793085E-7   0.09099846240718446
7.53919676973574E-8       -3.0184690703802174E-7   0.07264803112199471
9.952856700280238E-8      -3.1524593200274373E-7   0.05627716253563286
1.2371791482634817E-7     -3.285714285714287E-7    0.04450873374084948
-1.5247561660557983E-7    -1.2518228513836648E-7   0.059749546941522604
-1.291145913290104E-7     -1.3703384799439167E-7   0.04819431553481382
-1.5513138139599123E-7    -1.0009982385552144E-7   0.06268903335344332
-1.5845779664540764E-7    -7.733345763617504E-8    0.06422975762553952
-1.5993286177256595E-7    -5.245889224650577E-8    0.0625158824036669
-1.5943363000356331E-7    -2.625045572531963E-8    0.05927853736113614
-1.8269237296791633E-7    1.5058105322282016E-8    0.05571956271560647
-1.5959209581575675E-7    1.5460944720419676E-9    0.05716598828033209
-1.8403371714475668E-7    8.967821318749767E-8     0.04537093774549899
-1.8318235605930414E-7    4.2587507080015353E-8    0.050666144991955535
-1.8452633033792295E-7    6.858388554292102E-8     0.047257574449594414
-1.7321784801347342E-7    1.0860911885401945E-7    0.046650654707839245
-1.9993998667241642E-7    1.4758882948095378E-7    0.03994512051119024
-1.750219741855212E-7     1.360240853254678E-7     0.04338172656556708
-1.9949214017067354E-7    1.75270096711404E-7      0.03952600801284533
-1.9918992485826687E-7    2.0283254606832096E-7    0.03920124224654726
-1.98879695302209E-7      2.3043368296064912E-7    0.038575706709710056
-1.9845717377567948E-7    2.5807207948938404E-7    0.03735078433261375
-1.9794866372215752E-7    2.8571428571428553E-7    0.03554655403012025
-1.0491549362891786E-7    -1.504249697458841E-7    0.04302141470370268
-8.069250567894676E-8     -1.641605847724914E-7    0.04253047268692628
-5.5878421656988345E-8    -2.0505207279381413E-7   0.05865188175588217
-5.708564994315672E-8     -1.7766424681974198E-7   0.04516766926557899
-1.0687600949155542E-8    -2.3077567783967985E-7   0.07659848390257486
-3.2258114917791254E-8    -2.1844294356336362E-7   0.0685327377634364
1.078798837428407E-8      -2.349743472494745E-7    0.07214000331049945
6.8180036204758375E-9     -2.1877628141763236E-7   0.05993007175064674
2.8299905091047527E-8     -2.483640937530499E-7    0.075111031852097
5.1639883761243045E-8     -2.610318020738176E-7    0.06900986335556691
7.59554081868043E-8       -2.742995024401562E-7    0.059288422271049725
1.0009915189460672E-7     -2.876721215851678E-7    0.049375010798230874
1.2426985498667767E-7     -3.0097286875942195E-7   0.041178395836277644
1.4846149779161785E-7     -3.1428571428571433E-7   0.035546554030120234
-1.3036770327129782E-7    -1.1065954968599878E-7   0.04973104119083597
-1.0625929469343786E-7    -1.2304067625383403E-7   0.043068680376124435
-1.3219715786651456E-7    -8.469728399236223E-8    0.05181123294939394
-1.4132795166747243E-7    -6.327933399675821E-8    0.055614166461672644
-1.3577645456955193E-7    -4.045198338785258E-8    0.055836547721447506
-1.364847001146199E-7     -1.2859448327970146E-8   0.05925504816914164
-1.5928261578907124E-7    2.99965773843724E-8      0.05642000688999025
-1.3714489315690924E-7    1.616847274542174E-8     0.06404859174644907
-1.635508748731603E-7     8.360982733027064E-8     0.05266726289052528
-1.6022370026037374E-7    5.6909138204616824E-8    0.05558095580886457
-1.4555107978858857E-7    9.786564387320992E-8     0.06181923505619793
-1.4925541841890377E-7    1.2325733789507354E-7    0.05511333377059019
-1.7522820286681265E-7    1.6243411080139186E-7    0.040698993220418596
-1.5046729708232823E-7    1.4967458046616607E-7    0.048995090621427685
-1.751516471744611E-7     1.8962106325131758E-7    0.03823490094712715
-1.7472727131016452E-7    2.171445807238763E-7     0.03608493418068758
-1.742799176028469E-7     2.4473688529943216E-7    0.03420915228409143
-1.7375193663997782E-7    2.7236914292396933E-7    0.03255424174797878
-1.7320508075688783E-7    2.9999999999999983E-7    0.031164211916469526
-8.144118416725408E-8     -1.3709808790749276E-7   0.04007184926650787
-5.717640061599486E-8     -1.5076462352791182E-7   0.03965224268984904
-3.351217306557896E-8     -1.906659348933981E-7    0.04938446278950521
-3.555584131860928E-8     -1.6391195359781762E-7   0.040773545248982024
-8.141972899677615E-9     -2.0357534671767077E-7   0.053369905422757755
1.352100510481609E-8      -2.0403519421208342E-7   0.04934124495160807
2.800290344331008E-8      -2.2022852281293068E-7   0.05404548487085382
5.224522134102308E-8      -2.338814901190333E-7    0.052283574963191075
7.634782251081068E-8      -2.469899907501712E-7    0.04786544335215997
1.005959083653065E-7      -2.6014543753649873E-7   0.04240813265817724
1.247821945201085E-7      -2.734064057222163E-7    0.03735342059888478
1.4899736753317217E-7     -2.866855385316491E-7    0.033485605124932934
1.7320508075688757E-7     -3.0000000000000004E-7   0.03116421191646952
-1.0921153830312258E-7    -9.308042750905151E-8    0.046001426912774694
-8.253319950194284E-8     -1.0994434296943273E-7   0.04156063013879774
-1.1206908504649578E-7    -6.037369020745061E-8    0.05184564595404571
-9.487890400117058E-8     -7.375010647730629E-8    0.04884842977149712
-1.1313263517716525E-7    -2.8626315987790228E-8   0.060922279988531926
-1.1382849196477272E-7    4.5749791567785165E-10   0.07277611036782038
-1.138184574417493E-7     2.634608272480357E-8     0.08527608438330224
-1.3290061751921952E-7    4.775531786164134E-8     0.07271874819061443
-1.3877025485017198E-7    7.094507183891491E-8     0.06929592703036756
-1.112146741431689E-7     4.509288423679216E-8     0.09697684721070747
-1.241726481200424E-7     8.846419138289205E-8     0.0839813126073622
-1.2422460154694812E-7    1.1045877545149381E-7    0.07901755962594431
-1.2578397069620092E-7    1.3651740238658542E-7    0.06789200920204003
-1.5098219432383834E-7    1.7643605878306698E-7    0.04327973131932689
-1.265320220026924E-7     1.6337848760541094E-7    0.05651407884270827
-1.5067170962960982E-7    2.0384437789668062E-7    0.038482162622146654
-1.5018252273677674E-7    2.3139946141000598E-7    0.03477074610907415
-1.496208727789121E-7     2.5901245239265805E-7    0.03214132155825833
-1.4902250067931355E-7    2.866534385819547E-7     0.030490416172478583
-1.4846149779161817E-7    3.142857142857141E-7     0.02975085068472703
-5.707486789110402E-8     -1.242528582236106E-7    0.0393448077192449
-3.215995105733755E-8     -1.3751410656011034E-7   0.03823399042665652
-1.2153037657250535E-8    -1.7534904586798062E-7   0.0420215471398231
-1.5978370625528254E-8    -1.5317521900426708E-7   0.03828300979924092
9.04638144098048E-9       -1.829109444306752E-7    0.041941232641029454
3.187850994767633E-8      -1.9468674242831427E-7   0.042013416392611434
5.2565487618494664E-8     -2.0688419436886853E-7   0.04158227876308577
7.669351018286919E-8      -2.1983992209200922E-7   0.03953278244144439
1.0091190542863807E-7     -2.3285154432579803E-7   0.036737777951868965
1.2522940758688135E-7     -2.458744790609027E-7    0.03388242788786166
1.494407380478395E-7      -2.5914427824373546E-7   0.0316011065632169
1.737353223410788E-7      -2.723864902068079E-7    0.030170725693039805
1.9794866372215725E-7     -2.8571428571428575E-7   0.029750850684726864
-7.944947114149394E-8     -8.559710428185851E-8    0.04616291907191656
-8.405948206172866E-8     -5.963547324821162E-8    0.0548745635727776
-5.730733579854706E-8     -9.838812220430129E-8    0.0435158587415205
-9.028193406094619E-8     -3.7044541505727825E-8   0.06472613585585164
-8.957294779131211E-8     -1.1821052312109031E-8   0.08290433157846745
-9.13768667962619E-8      1.4461646729404228E-8    0.10479613361607824
-9.289765560730179E-8     4.264915737891285E-8     0.1275101203485167
-1.0827533120126628E-7    6.624357215885653E-8     0.1081927390597368
-1.0352910416948995E-7    9.543893258631801E-8     0.11552077523083652
-1.02242870909001E-7      1.227695991468217E-7     0.10338537061764545
-1.0257359697021362E-7    1.499424287856346E-7     0.08289145424993725
-1.2661008940093174E-7    1.905727249550989E-7     0.04681170865530842
-1.0277559544377674E-7    1.771325029232074E-7     0.06407503266430968
-1.2621008366618175E-7    2.1803918741530748E-7    0.039482442306043815
-1.255524324178842E-7     2.4563748254763903E-7    0.03451111041434173
-1.248898394841432E-7     2.7328659769065624E-7    0.03158051858965497
-1.242766435769269E-7     3.009490206237647E-7     0.030387915888799754
-1.2371791482634848E-7    3.285714285714284E-7     0.03074736027096599
-3.183113620554775E-8     -1.1180786617241462E-7   0.04084888761157713
7.703961259284732E-8      -1.928297259146099E-7    0.03431314573317782
-3.738559923112455E-9     -1.2701737536050902E-7   0.0380008843033001
7.115094494197647E-9      -1.5558250120328183E-7   0.03711563619671362
3.016644338726755E-8      -1.668458456053159E-7    0.036344745839127106
5.3564265753828E-8        -1.8000893278928558E-7   0.03551769154728542
1.0112819170685913E-7     -2.0573267415371696E-7   0.03280365800880019
1.254321821343637E-7      -2.1864601416140044E-7   0.03132099346865405
1.4979992996629427E-7     -2.3164309435094447E-7   0.030215258980010182
1.7410020633950196E-7     -2.4486966158989226E-7   0.029719745559802224
1.983769756907469E-7      -2.581443323793842E-7    0.029904615074481417
2.2269224668742696E-7     -2.7142857142857145E-7   0.030747360270965873
-5.84770834320823E-8      -7.134375882094845E-8    0.05353113470148074
-6.152474591869805E-8     -4.717978774693509E-8    0.06860221651142877
-3.4728261807733145E-8    -8.306609702928346E-8    0.05031764914832967
-6.482588047956537E-8     -2.3449527342202756E-8   0.09045603222477556
-4.64056973650274E-8      -3.3924757855534603E-8   0.0890727220552411
-6.391617227649077E-8     3.4160095130694846E-9    0.13051250951157775
-7.175236501864611E-8     3.048482967223628E-8     0.16145295879600932
-7.917994969103326E-8     5.700830757785714E-8     0.173639200480298
-8.109979921439926E-8     8.226538565811605E-8     0.17626840080824482
-7.921261093151139E-8     1.0905856824205903E-7    0.1654167637974848
-7.88131045862065E-8      1.3636546997414832E-7    0.1317910636538616
-7.929401818340421E-8     1.634911106776338E-7     0.09598283608102627
-1.0249139409351163E-7    2.046176683733526E-7     0.049855987428900184
-7.916076480658834E-8     1.9102789187736084E-7    0.06885447333084004
-1.01709065965157E-7      2.3222561685081438E-7    0.040382743587868315
-1.008301312894198E-7     2.598940636246912E-7     0.034760072495021076
-1.0011031219010325E-7    2.8755767574443195E-7    0.032186551907362075
-9.954338437793972E-8     3.1523984773899917E-7    0.0321600360812998
-9.897433186107881E-8     3.4285714285714276E-7    0.0345070526811863
-1.2229169797870173E-8    -9.624231221660435E-8    0.04542336350092508
1.0120257860799238E-7     -1.7874199352977673E-7   0.030652342342867612
9.318393116010713E-9      -1.0147514677200146E-7   0.04311020672149909
1.639974622702761E-8      -1.1894753449168529E-7   0.03832032184937837
7.708494233399019E-8      -1.6594576297398808E-7   0.03188605815933864
2.4711372465190837E-8     -1.3857288603696633E-7   0.035675249761476784
5.254250138934806E-8      -1.529095814724607E-7    0.033472906329586626
1.254456223724718E-7      -1.917262057031986E-7    0.02981447396450756
1.4981692939557765E-7     -2.0465412558065017E-7   0.029503144843616966
1.2530729845095557E-7     -1.6495551634756E-7      0.029371333982795234
1.7422596651959923E-7     -2.1761422990652856E-7   0.02985832351159959
1.9873375540775515E-7     -2.3060106267916772E-7   0.03092722842546043
2.230516596465614E-7      -2.4386592265757995E-7   0.03255524979702556
2.4743582965269665E-7     -2.5714285714285716E-7   0.034507052681186166
-3.5576678971846506E-8    -5.3737329795931465E-8   0.07074948561844714
-1.2948166640505056E-8    -6.687719296550054E-8    0.0623337768918561
-2.9493224097487374E-8    -3.217530513261944E-8    0.09993690190520599
-4.063086519636493E-8     -1.3066606769970167E-8   0.12755055862862627
-5.175137888649935E-8     2.239656118733372E-8     0.19402009048579813
-4.1888577449434556E-8    8.777533085702656E-9     0.17821450423031346
-5.139216685428963E-8     4.297729564684028E-8     0.24588857373628067
-5.4500176739527686E-8    6.850303773773908E-8     0.27500973561503694
-5.6230114461251644E-8    9.474790908728304E-8     0.2625423803378486
-5.336045312345422E-8     1.2276843123371715E-7    0.22063225985829144
-5.618936988462913E-8     1.5026656969812856E-7    0.14986265286278141
-5.6018616022501725E-8    1.771017061840392E-7     0.10149962092178323
-7.846439767686125E-8     2.187702681033703E-7     0.05105557470236067
-5.591931331824527E-8     2.0505886447346055E-7    0.06861748187300855
-7.705838106635301E-8     2.4641531838791755E-7    0.04065731846833726
-7.601020278941841E-8     2.7406674950666046E-7    0.03539546152318954
-7.52260628109082E-8      3.018590108770659E-7     0.034136580657094524
-7.475612814845492E-8     3.294323236258324E-7     0.036405730547367864
-7.423074889580914E-8     3.57142857142857E-7      0.042396809828660224
9.206987980658976E-9      -7.670313095552523E-8    0.05511618234590316
5.416268158488438E-9      -5.714261293415194E-8    0.07175545030602345
1.0112270517421722E-7     -1.5207894134174012E-7   0.030234322102901823
3.296359468970507E-8      -1.1234957289098277E-7   0.03867577763352272
3.1877308478626165E-8     -8.609306223868874E-8    0.04788768799035143
7.707235513714404E-8      -1.3924969658671576E-7   0.032016808577460025
5.2668817724530554E-8     -1.2687873884349562E-7   0.03477392799287
1.248692991916362E-7      -1.382601496169763E-7    0.0300351083894779
1.7420780893306353E-7     -1.905828945056572E-7    0.030514632179602954
1.4972860379052406E-7     -1.7784102892245271E-7   0.02943901047203562
1.4944656954560603E-7     -1.512126995693081E-7    0.02998185221389903
1.9862927202463437E-7     -2.034396319606301E-7    0.03262218358645481
2.2323650693776856E-7     -2.1638474717539696E-7   0.03567289739090768
2.477083286479566E-7      -2.2955623115618992E-7   0.03916774283494039
2.7217941261796636E-7     -2.428571428571428E-7    0.04239680982866015
-9.324081520388547E-9     -4.223560510858477E-8    0.08993215904412175
-1.5528797433809503E-8    -1.791222613307623E-8    0.1342640363490997
-2.248215258347517E-8     3.893496415040944E-9     0.19095698271009118
-3.06698951375275E-8      2.725400155543945E-8     0.2597386151708689
-2.8409835055351695E-8    5.3852294773660855E-8    0.35404928033197935
-3.400773890309907E-8     8.129489744599249E-8     0.3671881650331488
-3.519987133464059E-8     1.0459785391174927E-7    0.3291376999778613
-3.067813886010732E-8     1.241620403818485E-7     0.2826361554973495
-3.741997401290273E-8     1.400361041288378E-7     0.212882060125954
-3.175323066794465E-8     1.6308289362454096E-7    0.15391729345270844
-3.3409617722124115E-8    1.9066912679832956E-7    0.09642650299728288
-5.4190050293137285E-8    2.3282906596284646E-7    0.050085117048485006
-3.338633970676207E-8     2.1928693382990318E-7    0.0635581617249608
-5.2013700460540637E-8    2.603720186027972E-7     0.04045047050160654
-5.0825352518903157E-8    2.883012011267553E-7     0.036769774620149735
-5.030504482561156E-8     3.1580370123827835E-7    0.03807519286777724
-5.000445886661783E-8     3.435134583294864E-7     0.04442429526678302
-4.9487165930539465E-8    3.7142857142857134E-7    0.05712287928868167
1.2354758578991606E-8     -4.1907439857655134E-8   0.0903233084738024
2.7791842393685215E-8     -5.7989695783494085E-8   0.06823681900994934
1.012276896395021E-7      -1.254618146138168E-7    0.031618754616227124
5.458413208233027E-8      -9.90827463003743E-8     0.04030299057030739
5.336767470795528E-8      -7.217678033084475E-8    0.05207595161409131
7.779889686968576E-8      -1.1227370766217899E-7   0.034934518215532236
1.2426896805538018E-7     -1.1254181429530867E-7   0.031899778845184835
1.4796931358465689E-7     -1.2445896975533897E-7   0.031107329601806066
1.984897344952421E-7      -1.7637671699519928E-7   0.03473086533350805
1.7408776540098626E-7     -1.6397638386242925E-7   0.03152345394276058
1.7278894987818433E-7     -1.3769565312733243E-7   0.03255586815730815
2.228776196166168E-7      -1.8908373730579576E-7   0.039598122184317935
2.4780312619826833E-7     -2.020471939687392E-7    0.045946976625634774
2.722990455091571E-7      -2.1508047622037296E-7   0.05237760507117215
2.96922995583236E-7       -2.2857142857142852E-7   0.057122879288681566
6.802169036215011E-9      -2.29399559920191E-8     0.12591345993525047
2.615400755041635E-10     -1.8929560587112777E-9   0.1846547797174767
-6.572703356547041E-9     2.0305569314063877E-8    0.2683807701447773
-1.2482603580504309E-8    3.883778839017169E-8     0.3410046617576152
-6.385480985958153E-9     5.376136504593022E-8     0.4023020985542816
-1.1670846943890797E-8    7.297078171623365E-8     0.4316043310029585
-1.8035588883931983E-8    9.309750744928906E-8     0.40781358666946044
-1.2966587890364605E-8    1.1396544176728752E-7    0.3596294662110738
-1.508775603738076E-8     1.399313192133347E-7     0.2504198954557895
-1.5135138855564383E-8    1.8036975763519799E-7    0.12379723772699655
-9.012142140509788E-9     1.6320567171391898E-7    0.17104610893319652
-9.313757502031137E-9     2.046210532259763E-7     0.08379351455210611
-2.9133499049182773E-8    2.461826187450177E-7     0.047840710672098254
-1.3276375247048021E-8    2.3007671903369456E-7    0.05852782229557062
-2.5739110863079422E-8    2.735602902998357E-7     0.040479154606234496
-2.552135289212645E-8     3.01612786414073E-7      0.0395237105776327
-2.5357918130979916E-8    3.296177378332214E-7     0.04499909983879529
-2.5166578169083232E-8    3.5759142943629297E-7    0.05832772189176939
-2.4743582965269792E-8    3.8571428571428564E-7    0.08306749121816087
3.0907731834546694E-8     -2.991653437960336E-8    0.10440106460921894
5.090033174337506E-8      -4.461113008456954E-8    0.07499439503606153
1.0223893124374635E-7     -9.839832981863635E-8    0.0352139932680234
7.603226587541031E-8      -5.977346094991975E-8    0.05354935611407947
7.900145539086125E-8      -8.457091981003508E-8    0.04169929353643791
1.244799431778714E-7      -9.022116370735584E-8    0.03472001240154134
1.4482863149486808E-7     -9.845045825972769E-8    0.0329867444003183
1.7161496535216744E-7     -1.0861126081798022E-7   0.033852696006831946
2.2202743199651333E-7     -1.618780102079589E-7    0.04348278109468506
1.991085089996386E-7      -1.4929964412872436E-7   0.0370465460967031
1.9446872333983292E-7     -1.2388582041569694E-7   0.03740239759687974
2.4684884282614686E-7     -1.7461971784460886E-7   0.05347475872618398
2.434147913176688E-7      -1.5296308367871016E-7   0.057019975806347024
2.721859729373028E-7      -1.869442850828656E-7    0.06627009880420816
2.9698141685350386E-7     -2.0048742587937732E-7   0.07743421870443222
3.2166657854850574E-7     -2.1428571428571423E-7   0.08306749121816054
2.266257871465163E-8      -7.222592752166908E-9    0.16046973317037547
1.709586610402797E-8      1.4727883235217505E-8    0.24052890858051043
9.593828594446536E-9      3.9044947341716804E-8    0.35037117789956695
1.070630624156942E-8      6.399527113504215E-8     0.42762292375798877
5.44408042650424E-9       9.38787522869006E-8      0.431384668970745
8.00198473840609E-9       1.2359612375189216E-7    0.33070815959113314
9.363542026268794E-9      1.525650165205492E-7     0.2086598601721458
7.820666413212163E-9      1.8027862373960207E-7    0.12721936888032293
1.436356138354011E-8      2.0447409197267689E-7    0.08442437078535824
7.839834116310295E-9      2.2720869229679143E-7    0.061719401177580124
-1.0990509869874762E-9    2.5435768706521114E-7    0.046842264099960604
-4.3334186977469E-10      2.864116732283283E-7     0.04113289283851337
-3.6373742705595047E-10   3.1537544030384436E-7    0.0443259908876957
-3.4353098103104194E-10   3.43593176754691E-7      0.0561197767461765
-1.8856604966510725E-10   3.717033399394406E-7     0.08056661959959255
0                         4.0E-7                   0.12542957114102327
5.116416536313734E-8      -2.4428240406126218E-8   0.1012253229618498
4.1244919301711594E-8     -1.1404202887598396E-8   0.13415233904787
7.043945804181741E-8      -3.0368392423503176E-8   0.07977435533642284
9.215758184487031E-8      -4.251360272703134E-8    0.05792697099654439
1.0797725320812233E-7     -6.662676104068126E-8    0.042269918311960746
1.1102785158218013E-7     -4.5065161914367985E-8   0.049319423076250785
1.3736112602821288E-7     -7.193520766822782E-8    0.03667213776218602
1.632208060852918E-7      -8.365633544879351E-8    0.03472269093052715
1.9236733579595195E-7     -1.0302613388864628E-7   0.03775794303439516
1.830328740043746E-7      -8.982498282217872E-8    0.03637355594187458
2.0791544808289774E-7     -1.0725873242816379E-7   0.04232441924008329
2.2493960018637507E-7     -1.3046403222741708E-7   0.048838817825662115
2.53902114420503E-7       -1.3499685357901068E-7   0.07037184991032859
2.6933126809744604E-7     -1.5586169314975534E-7   0.08024948304921346
2.968312724720957E-7      -1.717726754417386E-7    0.10553886622128973
3.217179383590891E-7      -1.8587981544242657E-7   0.12304693377263017
3.4641016151377545E-7     -1.999999999999999E-7    0.1254295711410232
4.0363710176870244E-8     8.301535078467295E-9     0.18664312521308377
3.643068129831477E-8      2.9805600493232646E-8    0.2659832132563978
3.3215688613878285E-8     5.44909979189571E-8      0.3548611958918146
3.1728680629645994E-8     8.113733024918688E-8     0.3924298194868712
3.0945914607606284E-8     1.0877887144013857E-7    0.3462761383806631
3.178937494176009E-8      1.3738594301050126E-7    0.24196243286479371
3.1949054937996075E-8     1.650966918826744E-7     0.1535789592742902
3.253440844353845E-8      1.9162638970079973E-7    0.0986463316483517
3.168981739682787E-8      2.173946986273685E-7     0.06813196438401725
2.7782440634838123E-8     2.4458799842654026E-7    0.05097107485421542
2.5266695369024157E-8     2.7247581742627016E-7    0.04322942282768954
2.4856522007083583E-8     3.010877719970789E-7     0.04331539338875406
2.469064421585671E-8      3.293985218299616E-7     0.051696428704322554
2.464911602830362E-8      3.575817784944975E-7     0.0717886641640913
2.4743582965269713E-8     3.857142857142857E-7     0.11146999270806694
6.232838589423597E-8      -5.8409422553566295E-9   0.12153685005607287
8.867629300341579E-8      -1.5270546735892523E-8   0.0812280799827138
1.1360178411641119E-7     -2.6956062824631798E-8   0.056526706412571015
1.3186918124353875E-7     -4.778656157897395E-8    0.04261959684529094
1.5904766338030358E-7     -5.741577680295453E-8    0.03729474143953294
1.8412390041116673E-7     -6.94690869698099E-8     0.03735144837572268
2.0451088181601253E-7     -8.544018949654032E-8    0.04147150973303151
2.281907675912083E-7      -9.945234596333826E-8    0.052228169195831974
2.5079874107184696E-7     -1.1299685164883432E-7   0.07032731158986329
2.7441856179616387E-7     -1.2683268418848558E-7   0.09992848756918461
2.9771732091224153E-7     -1.42902552232868E-7     0.1374239103899315
3.2195784981607615E-7     -1.572351532680166E-7    0.17752434767106398
3.4641016151377545E-7     -1.7142857142857127E-7   0.19820229515568466
5.587163728468258E-8      4.351527848373036E-8     0.24723998827672203
6.063550871865856E-8      2.033577328810455E-8     0.17850281138094146
5.457160947108699E-8      6.981614149488219E-8     0.29536889474461453
7.274089586737534E-8      5.831087691446399E-8     0.21106899552616679
5.5488484417230764E-8     9.586394721920057E-8     0.2831399474299882
5.535918776831288E-8      1.234589289354317E-7     0.22698311483026198
5.5116565571970446E-8     1.5082002553232152E-7    0.15948672155881574
5.5089766825649856E-8     1.7791828613288028E-7    0.10710438528376709
5.4584217671776795E-8     2.0469525088280765E-7    0.0743147881203882
5.303444213096342E-8      2.3177576848459515E-7    0.05533262155267827
5.1319795931783765E-8     2.594332932555535E-7     0.04554936375577381
5.0189802080258084E-8     2.874954524262345E-7     0.04293457260087786
4.9789184652739235E-8     3.1536800572223986E-7    0.04732774725084533
4.9556871304662664E-8     3.4337545401648355E-7    0.060990096196523395
4.9487165930539425E-8     3.714285714285714E-7     0.08982501532746484
8.628648317059181E-8      1.0004119365416561E-8    0.11192843654713956
1.1285799204804116E-7     -1.4699490068795461E-9   0.07139001102825572
1.3496994621541357E-7     -1.8073301933605937E-8   0.050564862557159175
1.5801285854929532E-7     -3.090344703247018E-8    0.041186404165466976
1.8223615125857164E-7     -4.3317215406440973E-8   0.038433951718523825
2.0544321687207284E-7     -5.700971739089436E-8    0.041396537187686565
2.2836165144287448E-7     -7.123449853858474E-8    0.05089499993305526
2.516633034546135E-7      -8.54682308551693E-8     0.07009750956904702
2.7503656674385125E-7     -9.940414065892132E-8    0.10395068616437585
2.988704800306953E-7      -1.1410300082986498E-7   0.1588253408174756
3.226602441254795E-7      -1.2857016220535228E-7   0.22953303175946452
3.4641016151377545E-7     -1.4285714285714271E-7   0.28732683352668265
8.359003552195429E-8      3.800071284818544E-8     0.15356991236919734
9.072265260023144E-8      6.042410412439229E-8     0.15586255111354963
8.058488449109695E-8      8.14670930177061E-8      0.19353036706306367
7.974222865627461E-8      1.1052632796134814E-7    0.17645259889537288
7.90941182382638E-8       1.3739038424084686E-7    0.1408323083320752
7.849660378345853E-8      1.6418858621476406E-7    0.10462148816672777
7.790522962724787E-8      1.9110344431446107E-7    0.07695344394049665
7.733203284301211E-8      2.1837710856225625E-7    0.058792205071730656
7.642278938387702E-8      2.4606492560330286E-7    0.04833894015564665
7.556983630666143E-8      2.736666915258954E-7     0.04386310423660667
7.494420600330656E-8      3.015549456494247E-7     0.04479001985807616
7.449957387749465E-8      3.2926737478340366E-7    0.052303406571505395
7.423074889580914E-8      3.5714285714285705E-7    0.06997486503116945
1.0963073472417397E-7     2.4269696014382124E-8    0.09214301537328383
1.3473293455913983E-7     1.0900383910264676E-8    0.06109848584271824
1.5820848705532518E-7     -2.8599531615723734E-9   0.04630516803823845
1.8174572214261903E-7     -1.5967873311273332E-8   0.040346023221990095
2.0517662998025158E-7     -2.917652501468902E-8    0.04077358120848096
2.2852859778449575E-7     -4.299068144519085E-8    0.04781167608345297
2.51863049928382E-7       -5.706732768726855E-8    0.06419305738637825
2.753231414890071E-7      -7.121887530425897E-8    0.09596057778526122
2.9894172203727337E-7     -8.551869588162044E-8    0.1530615943954012
3.226926175012293E-7      -9.994981612501435E-8    0.24301181990270812
3.4641016151377545E-7     -1.1428571428571417E-7   0.3443413267460764
1.0924234646535214E-7     4.914514733881701E-8     0.1083390033494361
1.074551006553785E-7      7.519669050278887E-8     0.12037551459500606
1.0458578742370536E-7     1.0040262213032235E-7    0.12271514868153932
1.0337481583714978E-7     1.2459558173992518E-7    0.1112154453172602
1.0255337272171668E-7     1.5079802768704183E-7    0.09269819543537143
1.0202235632011014E-7     1.7749655242418037E-7    0.07478424823976985
1.0167141582618057E-7     2.0453974545257715E-7    0.06116636775198841
1.0113554994554904E-7     2.3208335932177705E-7    0.052156236655858564
1.0052378432402652E-7     2.5977180285878026E-7    0.04703475338607663
9.992187819708268E-8      2.8740709536232E-7       0.04542863560923632
9.950147408538998E-8      3.1521633597844675E-7    0.048033405843327125
9.897433186107885E-8      3.4285714285714276E-7    0.056813158489979386
1.343541395066376E-7      3.8482818913082376E-8    0.07131863856588379
1.5838421772203928E-7     2.5051209636802272E-8    0.051955954380525034
1.8182263876773715E-7     1.1824330422048327E-8    0.04300471292166389
2.0516147903500362E-7     -1.3918109649079131E-9   0.04075018392348773
2.2848656126718637E-7     -1.4833239363407389E-8   0.04452316370899747
2.5194821643718765E-7     -2.872651468666354E-8    0.056185422596859026
2.754400502325723E-7      -4.281249832506247E-8    0.08060687247133284
2.990340722102584E-7      -5.7048101185351136E-8   0.12729151073516684
3.22704072245738E-7       -7.137060709179589E-8    0.2093733100335912
3.4641016151377545E-7     -8.57142857142856E-8     0.3258893980634194
1.2518874526597282E-7     9.036686412232514E-8     0.09085800911328995
1.350538354272474E-7      6.9156880200421E-8       0.07805836687068025
1.279077517023339E-7      1.1131199906395665E-7    0.08460375463182358
1.2644097252107544E-7     1.3719179772788633E-7    0.07878210466398955
1.260196398521366E-7      1.640006633282999E-7     0.07040863089710515
1.2590114782892708E-7     1.9079280425473993E-7    0.06320228631120504
1.256325859225325E-7      2.1801501536220948E-7    0.057828768062418816
1.2522416380724193E-7     2.455926967719573E-7     0.05381925698873755
1.2474376726593608E-7     2.7326605964358597E-7    0.050919245227015845
1.2424061283430107E-7     3.0093277335362973E-7    0.0497448546318519
1.2371791482634854E-7     3.2857142857142847E-7    0.05184711840570024
1.5908076814187286E-7     5.2373596377807194E-8    0.056763158107476626
1.8212543113515647E-7     3.958258631581285E-8     0.046253474489439235
2.0534677210018842E-7     2.652283806514497E-8     0.04187653873845499
2.2861493762205612E-7     1.321213985312769E-8     0.04262388174040694
2.5197589998245976E-7     -3.869650056305865E-10   0.04930349433537689
2.755014898914018E-7      -1.4381964402292445E-8   0.06512098595437778
2.990857946356008E-7      -2.854208535899389E-8    0.09649073626589616
3.2273167710129707E-7     -4.2825731737569125E-8   0.15403422028920885
3.4641016151377545E-7     -5.714285714285704E-8    0.2467916651650325
1.5103531269399045E-7     9.572368984462857E-8     0.0664936298231436
1.6181490075749048E-7     7.529391599628887E-8     0.05863949779698431
1.4910592807856417E-7     1.2345647649465813E-7    0.06761090823958409
1.493418146882586E-7      1.5062519975815968E-7    0.06666040378661205
1.499150936126291E-7      1.7714003883253208E-7    0.06642244494299672
1.4999340091451448E-7     2.0410281421223916E-7    0.0667542286125299
1.4985839544311025E-7     2.313990011387853E-7     0.06630200543557675
1.4944793039377798E-7     2.590078473322285E-7     0.06384154429099131
1.4896833188626097E-7     2.866472118648837E-7     0.05985691935967894
1.4846149779161825E-7     3.1428571428571417E-7    0.056275886623473305
1.828550946110387E-7      6.66172539661873E-8      0.049848945554615866
2.0576220185435817E-7     5.435793235273054E-8     0.04466780484707437
2.2881388836641564E-7     4.133127317344524E-8     0.04319499479649383
2.520577203898004E-7      2.791146153657268E-8     0.04573725411658799
2.755117524221227E-7      1.4121928901036521E-8    0.054099478796354024
2.9911641302724657E-7     -1.5352139264337453E-11  0.0720800087113821
3.2275217957366235E-7     -1.4276225437697382E-8   0.10574248363887988
3.4641016151377545E-7     -2.8571428571428493E-8   0.1621120826980646
1.693966093673871E-7      1.1593804423098202E-7    0.060815749645700225
1.8196216947201552E-7     9.578465116671322E-8     0.055063520050950394
1.7065858504365854E-7     1.3866268800462825E-7    0.06464301841974075
1.7392029536312543E-7     1.633336434020466E-7     0.07150084847269968
1.7430564100661297E-7     1.9006770150377592E-7    0.07996630269004147
1.7431669932140165E-7     2.1727464863184093E-7    0.08686039384489001
1.7413969908166694E-7     2.446917989861061E-7     0.08843232600072802
1.7368485590077964E-7     2.723548944656975E-7     0.0830249773774921
1.7320508075688796E-7     2.999999999999999E-7     0.07346522018127184
2.0638509630533858E-7     8.231084158777111E-8     0.050007384194515773
2.2907493149854135E-7     6.973794303310107E-8     0.04752970571116937
2.5220648038548887E-7     5.6005414950606036E-8    0.046930411495692693
2.7558686110314886E-7     4.2343017505235525E-8    0.049629403134846005
2.9912820160690905E-7     2.844669334043803E-8     0.05774667173949206
3.2276076691817835E-7     1.4273919123341128E-8    0.07458533985210704
3.4641016151377545E-7     6.617444900424221E-23    0.10382041149113004
1.9440277905548893E-7     1.2409754634719309E-7    0.06310242579285537
2.0725736058636626E-7     1.0478767408917765E-7    0.057214919636231196
1.9953097639805065E-7     1.4803632378995311E-7    0.07720884481853284
1.9883923160055357E-7     1.7564712460250524E-7    0.09613860808996623
1.9880338464098334E-7     2.0299007970576147E-7    0.11632534149294362
1.9875849850772493E-7     2.3045647753645497E-7    0.12950382792769236
1.9838680240146996E-7     2.5806680424518224E-7    0.12727537341730286
1.9794866372215765E-7     2.857142857142856E-7     0.111098244281339
2.2902700756738372E-7     9.802795941838124E-8     0.057491959549869236
2.521836360524127E-7      8.409119344928214E-8     0.05470744815206341
2.755598986293981E-7      7.054185587005622E-8     0.052904648833440655
2.9910007296512154E-7     5.685644573108764E-8     0.05367486419995079
3.227476319903005E-7      4.279501547020549E-8     0.05926552735952668
3.4641016151377545E-7     2.8571428571428625E-8    0.07179955870142482
2.2573074507855074E-7     1.2871128748636447E-7    0.07665651897127675
2.2239713688847188E-7     1.601525198154923E-7     0.10731513674689652
2.2312930805082565E-7     1.8835876832402507E-7    0.14817590190541888
2.2333754631463955E-7     2.1606439390008825E-7    0.18647088239889473
2.2308122752215324E-7     2.437555931891451E-7     0.20093453075979942
2.2269224668742736E-7     2.714285714285713E-7     0.18187970299513148
2.518991138199007E-7      1.1160078595226006E-7    0.07194494868850108
2.7533778737096157E-7     9.862013973899717E-8     0.06663906353799116
2.989884191535441E-7      8.51689201931365E-8      0.06071615145369925
3.226929754464063E-7      7.126584805595259E-8     0.057268586694348866
3.4641016151377545E-7     5.7142857142857184E-8    0.05854357749710184
2.43876911967247E-7       1.5140783875481348E-7    0.11750992420887521
2.5429015308515424E-7     1.3407922542867344E-7    0.09832222712579748
2.4713058317583087E-7     1.7376101543529435E-7    0.16745251675989833
2.48068150412763E-7       2.0135724330592284E-7    0.24046194425541081
2.4787364634869403E-7     2.2937495730022924E-7    0.29475776347033295
2.474358296526971E-7      2.5714285714285695E-7    0.29177568259681425
2.748253537649412E-7      1.2607491019186187E-7    0.0957812058554416
2.98775826152729E-7       1.1347506058548239E-7    0.08288752514137211
3.2259129904549523E-7     9.965730387612757E-8     0.06898798697574604
3.4641016151377545E-7     8.571428571428578E-8     0.059672286207411766
2.695532731752215E-7      1.5464228244547629E-7    0.14880228523098024
2.723082369738614E-7      1.853444564923685E-7     0.25024269418576267
2.724174369303143E-7      2.144921262257001E-7     0.3558419069709417
2.721794126179668E-7      2.428571428571427E-7     0.4000603037944123
2.9756880759436773E-7     1.4156920494057965E-7    0.12887030564158872
3.222580737749288E-7      1.280150496419663E-7     0.09944731747339831
3.4641016151377545E-7     1.1428571428571437E-7    0.07538776824794623
2.96765948644467E-7       1.703852090444677E-7     0.21459581427158395
2.9697791578835533E-7     1.9970011920514702E-7    0.33857835306055556
2.9692299558323645E-7     2.285714285714284E-7     0.4325092561085471
3.2184875567839665E-7     1.565838069489427E-7     0.15953640069715222
3.4641016151377545E-7     1.4285714285714293E-7    0.1101600797256776
3.2167938102906534E-7     1.8524766378092826E-7    0.2575093358710407
3.2166657854850616E-7     2.142857142857141E-7     0.36739197390417316
3.4641016151377545E-7     1.7142857142857149E-7    0.1699507935100005
3.4641016151377545E-7     2.0000000000000004E-7    0.2495206858584134
