% Model:              vary_vr_vs.mph
% Version:            COMSOL 6.1.0.357
% Date:               Jan 22 2024, 12:17
% Dimension:          2
% Nodes:              702
% Expressions:        1
% Description:        
% Length unit:        m
% X                       Y                        S (1) @ t=2000, vr=0.00125, vs=2.5E-5
-3.2185288621379416E-7    -1.8572381877970273E-7   0.049478037952258996
-3.464101615137754E-7     -1.7142857142857154E-7   0.052182607195895424
-3.4641016151377534E-7    -2.0000000000000018E-7   0.0416453131860925
-3.216665785485055E-7     -2.1428571428571455E-7   0.04028582520903373
-3.2240928069010985E-7    -1.5705854423958233E-7   0.07770482671346869
-3.4641016151377534E-7    -1.428571428571429E-7    0.07551616435028811
-3.225372669095944E-7     -1.2835669014571344E-7   0.12592083215622127
-3.464101615137754E-7     -1.1428571428571426E-7   0.09789876500367926
-3.226505790968799E-7     -9.979918046549091E-8    0.14222839131432183
-3.464101615137754E-7     -8.57142857142856E-8     0.0897555943043337
-2.971784235870407E-7     -2.002977316053189E-7    0.043548806356249865
-2.9692299558323586E-7    -2.285714285714288E-7    0.03876383092894226
-2.726663591430695E-7     -2.150886733176994E-7    0.039495871777272935
-2.721794126179662E-7     -2.428571428571431E-7    0.037933787223635614
-2.970419112971601E-7     -1.7127197969524827E-7   0.061979179580955356
-2.984250897161936E-7     -1.4238708591137207E-7   0.10830036042131734
-2.9883772319840566E-7    -1.137428596497966E-7    0.1534145259909838
-3.227094323229268E-7     -7.129433600058974E-8    0.10251531003106519
-3.4641016151377545E-7    -5.7142857142856985E-8   0.0629835297438212
-2.98960461530783E-7      -8.531759279412057E-8    0.13632940972557783
-3.2274910683424814E-7    -4.2785120764698355E-8   0.06093846798893205
-3.4641016151377545E-7    -2.8571428571428334E-8   0.04560850757082346
-3.22772742450359E-7      -1.426823999712182E-8    0.04341427753681446
-3.4641016151377545E-7    3.044024654195142E-22    0.03926817897874485
-3.227873569478042E-7     1.4276856921837899E-8    0.03850011565954065
-3.464101615137755E-7     2.8571428571428943E-8    0.03765888773258598
-3.2279652179506735E-7    4.283173317241639E-8     0.037527967847635596
-3.464101615137755E-7     5.7142857142857594E-8    0.03741188583097173
-2.4797773427783804E-7    -2.2951079508192293E-7   0.037918579028975934
-2.4743582965269655E-7    -2.571428571428573E-7    0.037677474962284255
-2.232174279859183E-7     -2.438247474158508E-7    0.03752671094030572
-2.2269224668742689E-7    -2.714285714285716E-7    0.037600603740526456
-1.984838938014413E-7     -2.581209671139402E-7    0.03744686620016232
-1.9794866372215723E-7    -2.8571428571428585E-7   0.0375124801715151
-2.726482019635874E-7     -1.8670472557126884E-7   0.04636769993790852
-2.484743711522108E-7     -2.017456240728907E-7    0.03972241381106784
-2.6973747130760633E-7    -1.5545991900370475E-7   0.06738209090103264
-2.7487429499633223E-7    -1.2638659057578775E-7   0.10862317389593919
-2.7510141587428387E-7    -9.900248103476456E-8    0.11921244528135998
-2.9906819733185884E-7    -5.692603226254733E-8    0.0827631169755677
-2.7539384455293215E-7    -7.086019937006628E-8    0.0888301131927114
-2.9913349918088176E-7    -2.8480893739574735E-8   0.05076452507965603
-2.9917393086381337E-7    4.651447591501271E-12    0.04032815969496644
-2.992005556989835E-7     2.8533485783722284E-8    0.03787130292680226
-3.2279307767797585E-7    7.139753301380979E-8     0.03746209133895024
-3.464101615137755E-7     8.571428571428622E-8     0.03742656471697341
-2.9921053576606806E-7    5.706333881016915E-8     0.0375596067391878
-3.227737284899402E-7     9.995578258265904E-8     0.03753448169921542
-3.4641016151377555E-7    1.1428571428571487E-7    0.03778103428761477
-3.226890706693402E-7     1.284499777832436E-7     0.03795900909816182
-3.4641016151377555E-7    1.428571428571435E-7     0.039766651933546955
-3.2206364768440517E-7    1.5714258525731323E-7    0.039728308434478034
-3.464101615137756E-7     1.7142857142857215E-7    0.04683173444259678
-3.217858274325352E-7     1.8575689074569335E-7    0.04439158500230101
-3.464101615137756E-7     1.9999999999999973E-7    0.06377474100167126
-3.2166657854850595E-7    2.1428571428571405E-7    0.05172802949795299
-2.2372470856351993E-7    -2.162113321688961E-7    0.03779057839601097
-1.989822480332865E-7     -2.3054141228883285E-7   0.037422695973616776
-1.7375739930299766E-7    -2.72402253623322E-7     0.0374779919304269
-1.7320508075688757E-7    -3.000000000000001E-7    0.037713571094836064
-1.7430660989324938E-7    -2.4482241546383076E-7   0.03739205231111623
-1.2428669602684935E-7    -3.0094923131239165E-7   0.04285753365962872
-1.484614977916179E-7     -3.142857142857144E-7    0.03971393905362488
-1.2371791482634825E-7    -3.285714285714287E-7    0.04854977385316441
-1.490270267712511E-7     -2.8667827338588143E-7   0.03832247699405406
-9.961865313267822E-8     -3.1518767737665194E-7   0.059704459471574885
-9.897433186107859E-8     -3.428571428571429E-7    0.07651780664233836
-7.490488457947837E-8     -3.2941466350321175E-7   0.10254576124013286
-7.423074889580893E-8     -3.571428571428572E-7    0.12701366586442933
-5.0158616014917054E-8    -3.43576515695792E-7     0.1489322205633784
-4.948716593053927E-8     -3.7142857142857145E-7   0.14829397663873217
-2.5283244691072252E-8    -3.5791171068086246E-7   0.13712074230735985
-2.474358296526961E-8     -3.8571428571428574E-7   0.10885486921214897
-7.64512586975464E-11     -3.7185860794985626E-7   0.0843294448438592
4.8985871965894126E-23    -4.0E-7                  0.0637747410016711
2.4743582965269365E-8     -3.857142857142859E-7    0.05172802949795297
-2.4720150787725773E-7    -1.7452115144609188E-7   0.04504692240358522
-2.235402379347499E-7     -1.8867691587015144E-7   0.03905435268134114
-2.4397182873911835E-7    -1.5242567405834326E-7   0.0519720548420506
-2.5399946456359517E-7    -1.345222257678213E-7    0.07013965956010759
-2.5110744354077555E-7    -1.1206298941936386E-7   0.07572313040497379
-2.517186890555203E-7     -8.476098597636582E-8    0.07094731301743
-2.755350045398368E-7     -4.256452427080592E-8    0.056690842943781815
-2.520005468451977E-7     -5.655858909117629E-8    0.054589889493670156
-2.756008942651868E-7     -1.4195593123374757E-8   0.04251011978663969
-2.7566066626137155E-7    1.4250815436934406E-8    0.03841276669827059
-2.757077428197224E-7     4.2735741024482336E-8    0.03767736792558574
-2.99175432269695E-7      8.567183215768545E-8     0.03762439307396239
-2.756721755583092E-7     7.116871549942073E-8     0.03774634977859765
-2.990936767820316E-7     1.1423711216799967E-7    0.03770198654546961
-2.9802096577312326E-7    1.4271497241801327E-7    0.03800124600801719
-2.9700817314311387E-7    1.7156987994069894E-7    0.0389666570248817
-2.971617287998141E-7     2.0011818115785908E-7    0.0408980785626088
-2.9692299558323624E-7    2.2857142857142834E-7    0.042727300719890914
-1.993403547201258E-7     -2.029979516533754E-7    0.03760339440924592
-1.7483538397415163E-7    -2.172831615514634E-7    0.03741236976167287
-1.4959618636364993E-7    -2.590842111048039E-7    0.03761640172241953
-1.502605298942781E-7     -2.315352953184585E-7    0.037453537969535315
-1.002722474746796E-7     -2.8757363569715373E-7   0.04580421899516576
-1.2495358780750134E-7    -2.7334017343121725E-7   0.0392072193291414
-7.561780369748556E-8     -3.0174688252126257E-7   0.06516397266865492
-5.102425535907923E-8     -3.1584516519070867E-7   0.09834529216530143
-2.6021396633524316E-8    -3.2971612622854055E-7   0.11231748526937461
-2.713115297869025E-10    -3.4370115225542404E-7   0.08534567875655254
2.509584866867407E-8      -3.5811021333427944E-7   0.05566023453849491
4.948716593053906E-8      -3.714285714285716E-7    0.042727300719890914
-2.2289513384395194E-7    -1.6104542730172966E-7   0.042004978594911264
-1.9958649548387487E-7    -1.7554050872304264E-7   0.03823834705698132
-2.2533884879579154E-7    -1.3017567949297308E-7   0.04782597882307171
-2.2820450501586972E-7    -9.897881148236494E-8    0.051386536184373444
-2.285813593947674E-7     -7.070221359456885E-8    0.04717075244011373
-2.521181050320809E-7     -2.8232963002886834E-8   0.04320539428057977
-2.2870167386314395E-7    -4.210344970068797E-8    0.041682490102723714
-2.5220215971802495E-7    1.021153406988307E-10    0.038810267845051344
-2.522973306053145E-7     2.8472804492959212E-8    0.03776976128178148
-2.523701233268442E-7     5.6866008508915127E-8    0.037798420203561674
-2.7554698206770616E-7    9.927364807061829E-8     0.0378556624567706
-2.522896227019979E-7     8.531687260481086E-8     0.03799686564806478
-2.7528559758650884E-7    1.2606316185433192E-7    0.03789669234484408
-2.695695342211168E-7     1.5554790994287925E-7    0.038019808563549494
-2.7224870132825525E-7    1.8674501708447823E-7    0.038370204289995595
-2.7242156009543716E-7    2.1488539608983419E-7    0.03887689496420898
-2.721794126179665E-7     2.4285714285714266E-7    0.03915925625741443
-1.753605243401804E-7     -1.8981908803803352E-7   0.03752987010982762
-1.5093675773063055E-7    -2.0405819736119056E-7   0.037522225722728696
-1.2559927658269303E-7    -2.45757475613631E-7     0.037832182626364314
-1.2640712724309884E-7    -2.1824579754540053E-7   0.03760321179715124
-7.658367119018632E-8     -2.7414911757289193E-7   0.045691351882083016
-1.0099131376449631E-7    -2.599923854321679E-7    0.03971217472002717
-5.227556027314607E-8     -2.881075398104625E-7    0.05802179511180972
-2.8134316418150623E-8    -3.015883435398662E-7    0.06997094688348816
-3.6147442519742336E-10   -3.117485910869562E-7    0.06229217129288917
2.5486843226650335E-8     -3.3026200924395674E-7   0.051799309802487696
4.991793739708586E-8      -3.438212723256055E-7    0.04272458560932044
7.423074889580877E-8      -3.5714285714285726E-7   0.039159256257414427
-2.004061068071377E-7     -1.4830761688204912E-7   0.03945352854217163
-1.9717083934648908E-7    -1.2702565399836677E-7   0.03985270879105906
-1.7590625201097442E-7    -1.6243036026778713E-7   0.03777209731138397
-2.0495546850939463E-7    -1.070370370337456E-7    0.041671836428311064
-1.858716310889832E-7     -1.156329417906253E-7    0.038774546471967014
-2.0557469007593595E-7    -8.281801366976273E-8    0.04116455472899361
-2.0544738047968844E-7    -5.5144954975610544E-8   0.03947741314766156
-2.2884570583146406E-7    -1.3811276673901245E-8   0.03868555421118533
-2.0554518856064444E-7    -2.7338420519557362E-8   0.03815477314764496
-2.2899397396731382E-7    1.438230811481109E-8     0.037759834811345754
-2.2919520500102587E-7    4.258644484562788E-8     0.03776191505615314
-2.292413110134969E-7     7.083161766007606E-8     0.03800535711295644
-2.294602927589616E-7     9.89329315308045E-8      0.03820823778202461
-2.5081535964566613E-7    1.1247194135493283E-7    0.03811276229440722
-2.541039166756114E-7     1.3466662790612365E-7    0.038098610165202954
-2.4346281178646974E-7    1.5263378896570355E-7    0.038205471847748966
-2.467990471939679E-7     1.7436384506029043E-7    0.038187848023686743
-2.4803707607290696E-7    2.0150760686809694E-7    0.03825868710605892
-2.477786767100277E-7     2.2936871344141413E-7    0.0383801976452569
-2.4743582965269686E-7    2.5714285714285695E-7    0.038481440962034236
-1.5168690844865727E-7    -1.7665425987280387E-7   0.037637536243253396
-1.2730371149150365E-7    -1.9084561737384405E-7   0.0377330654140225
-1.0191261124632553E-7    -2.3241781210557222E-7   0.03797025681353459
-1.0288251382814831E-7    -2.0491420850233465E-7   0.037801546449715694
-5.351928694796271E-8     -2.606290823509844E-7    0.042802704985962454
-7.764046084485112E-8     -2.465326926372672E-7    0.03938691799093907
-2.9337541910137504E-8    -2.7437859738845264E-7   0.04749346037203616
-1.0884323635515677E-8    -2.876990781463951E-7    0.05115397819401851
9.780939795653307E-9      -2.8766854543334507E-7   0.045355108697808205
2.7513244218291916E-8     -3.0160488276116517E-7   0.04423583550591984
5.057439896603299E-8      -3.1616885714285723E-7   0.04102806213160532
7.474291310084642E-8      -3.295432392035211E-7    0.03900431572182438
9.897433186107847E-8      -3.4285714285714297E-7   0.03848144096203423
-1.7636705761157698E-7    -1.3455839668431134E-7   0.0380745473068756
-1.5257650358299756E-7    -1.4925326038927774E-7   0.03773166628685243
-1.7011840442402882E-7    -1.1416944273144565E-7   0.037970164441292545
-1.8074633541801295E-7    -9.537376618840365E-8    0.03838487628141623
-1.8210728355297768E-7    -6.72255216233679E-8     0.03808977060244081
-1.824940541964226E-7     -4.021260110956127E-8    0.03768316888823159
-2.0567665802333822E-7    5.809352721049719E-10    0.03762926086371249
-1.8252108636996932E-7    -1.2829156003237107E-8   0.03747666677559005
-2.0600653841001023E-7    2.8587546798598795E-8    0.03765348386634573
-2.0523202759407573E-7    8.492510200148362E-8     0.03813888566381384
-2.093011419189128E-7     1.0717893392785514E-7    0.03829707383463954
-2.064700741419335E-7     5.650133410329385E-8     0.03788894017006977
-1.9364150490515106E-7    1.0266313220879367E-7    0.03823196871831422
-2.248068685995265E-7     1.299762242362395E-7     0.03834661569606879
-1.9613744769237475E-7    1.2284861522463356E-7    0.03836825619701345
-2.22964332716698E-7      1.6138832013789364E-7    0.038410905538810235
-2.234231836819713E-7     1.8845963984846676E-7    0.038449064473634324
-2.2346561151012177E-7    2.160662129142119E-7     0.038523694276022896
-2.2312417198012265E-7    2.437520268235343E-7     0.03864526860533645
-2.226922466874272E-7     2.714285714285712E-7     0.038811766692307244
-1.2821510494639856E-7    -1.6363092679907838E-7   0.037876350329922724
-1.0387840694681503E-7    -1.7757292110639147E-7   0.03799921780394347
-7.868710467432088E-8     -2.189068715822643E-7    0.03801388315919731
-7.973122915170185E-8     -1.9141561064512013E-7   0.03803449593879544
-3.061920145392619E-8     -2.476874172575556E-7    0.04009340914129018
-5.4741991310300616E-8    -2.328865111901645E-7    0.03870761586825495
-5.925627321237269E-10    -2.60560123225452E-7     0.0407370504225073
2.767661010983912E-8      -2.737353649115671E-7    0.04010773707123821
5.145858548992813E-8      -2.8811455272793085E-7   0.03933375106131325
7.53919676973574E-8       -3.0184690703802174E-7   0.038695974652554484
9.952856700280238E-8      -3.1524593200274373E-7   0.0385779652390942
1.2371791482634817E-7     -3.285714285714287E-7    0.03881176669230724
-1.5247561660557983E-7    -1.2518228513836648E-7   0.037765852879700024
-1.291145913290104E-7     -1.3703384799439167E-7   0.037926879417229525
-1.5513138139599123E-7    -1.0009982385552144E-7   0.03773296185776887
-1.5845779664540764E-7    -7.733345763617504E-8    0.0376523769512457
-1.5993286177256595E-7    -5.245889224650577E-8    0.03751481624761637
-1.5943363000356331E-7    -2.625045572531963E-8    0.037414009819410975
-1.8269237296791633E-7    1.5058105322282016E-8    0.037518678232447054
-1.5959209581575675E-7    1.5460944720419676E-9    0.0374224936282305
-1.8403371714475668E-7    8.967821318749767E-8     0.038085957366487046
-1.8318235605930414E-7    4.2587507080015353E-8    0.03770389145679314
-1.8452633033792295E-7    6.858388554292102E-8     0.0379230930191266
-1.7321784801347342E-7    1.0860911885401945E-7    0.03815118646171308
-1.9993998667241642E-7    1.4758882948095378E-7    0.03849677597797344
-1.750219741855212E-7     1.360240853254678E-7     0.03835765290432296
-1.9949214017067354E-7    1.75270096711404E-7      0.038621877066171456
-1.9918992485826687E-7    2.0283254606832096E-7    0.0387588604525645
-1.98879695302209E-7      2.3043368296064912E-7    0.038921235116062
-1.9845717377567948E-7    2.5807207948938404E-7    0.03911203571481663
-1.9794866372215752E-7    2.8571428571428553E-7    0.03932418653349907
-1.0491549362891786E-7    -1.504249697458841E-7    0.03815067746900199
-8.069250567894676E-8     -1.641605847724914E-7    0.03827041031774667
-5.5878421656988345E-8    -2.0505207279381413E-7   0.03809614857722526
-5.708564994315672E-8     -1.7766424681974198E-7   0.03829676701946624
-1.0687600949155542E-8    -2.3077567783967985E-7   0.038588434800527094
-3.2258114917791254E-8    -2.1844294356336362E-7   0.03829906459365514
1.078798837428407E-8      -2.349743472494745E-7    0.03855676964453397
6.8180036204758375E-9     -2.1877628141763236E-7   0.038402097249101534
2.8299905091047527E-8     -2.483640937530499E-7    0.038695180770778555
5.1639883761243045E-8     -2.610318020738176E-7    0.03862767576415788
7.59554081868043E-8       -2.742995024401562E-7    0.03860149176017775
1.0009915189460672E-7     -2.876721215851678E-7    0.03874536223066515
1.2426985498667767E-7     -3.0097286875942195E-7   0.03902795211280433
1.4846149779161785E-7     -3.1428571428571433E-7   0.039324186533499055
-1.3036770327129782E-7    -1.1065954968599878E-7   0.037873210382843546
-1.0625929469343786E-7    -1.2304067625383403E-7   0.03814816561023085
-1.3219715786651456E-7    -8.469728399236223E-8    0.03774104351682699
-1.4132795166747243E-7    -6.327933399675821E-8    0.037574458461154384
-1.3577645456955193E-7    -4.045198338785258E-8    0.037482942649428565
-1.364847001146199E-7     -1.2859448327970146E-8   0.037422883557382984
-1.5928261578907124E-7    2.99965773843724E-8      0.03754380519521616
-1.3714489315690924E-7    1.616847274542174E-8     0.03751066286279253
-1.635508748731603E-7     8.360982733027064E-8     0.03791445058713078
-1.6022370026037374E-7    5.6909138204616824E-8    0.037717718932575965
-1.4555107978858857E-7    9.786564387320992E-8     0.0379796827030989
-1.4925541841890377E-7    1.2325733789507354E-7    0.03810791851091821
-1.7522820286681265E-7    1.6243411080139186E-7    0.038557429990468316
-1.5046729708232823E-7    1.4967458046616607E-7    0.03829625536721056
-1.751516471744611E-7     1.8962106325131758E-7    0.03878166120598792
-1.7472727131016452E-7    2.171445807238763E-7     0.039025755134628255
-1.742799176028469E-7     2.4473688529943216E-7    0.03927445297517835
-1.7375193663997782E-7    2.7236914292396933E-7    0.03950894054427068
-1.7320508075688783E-7    2.9999999999999983E-7    0.03970780620665363
-8.144118416725408E-8     -1.3709808790749276E-7   0.03837622806617713
-5.717640061599486E-8     -1.5076462352791182E-7   0.03850378670985627
-3.351217306557896E-8     -1.906659348933981E-7    0.038309327492186594
-3.555584131860928E-8     -1.6391195359781762E-7   0.03855500176364956
-8.141972899677615E-9     -2.0357534671767077E-7   0.03836974193629427
1.352100510481609E-8      -2.0403519421208342E-7   0.038530931035784734
2.800290344331008E-8      -2.2022852281293068E-7   0.0385198125885392
5.224522134102308E-8      -2.338814901190333E-7    0.03863067724114754
7.634782251081068E-8      -2.469899907501712E-7    0.03878720978201935
1.005959083653065E-7      -2.6014543753649873E-7   0.03901303867024045
1.247821945201085E-7      -2.734064057222163E-7    0.039284525943952604
1.4899736753317217E-7     -2.866855385316491E-7    0.03954097100650309
1.7320508075688757E-7     -3.0000000000000004E-7   0.039707806206653616
-1.0921153830312258E-7    -9.308042750905151E-8    0.037970575308797154
-8.253319950194284E-8     -1.0994434296943273E-7   0.03828072518367397
-1.1206908504649578E-7    -6.037369020745061E-8    0.037699369738570236
-9.487890400117058E-8     -7.375010647730629E-8    0.037895105922847235
-1.1313263517716525E-7    -2.8626315987790228E-8   0.0375420788816857
-1.1382849196477272E-7    4.5749791567785165E-10   0.037690777465400664
-1.138184574417493E-7     2.634608272480357E-8     0.03817949992068558
-1.3290061751921952E-7    4.775531786164134E-8     0.03783350548769913
-1.3877025485017198E-7    7.094507183891491E-8     0.03791318635644437
-1.112146741431689E-7     4.509288423679216E-8     0.03886162645751843
-1.241726481200424E-7     8.846419138289205E-8     0.03846905628139492
-1.2422460154694812E-7    1.1045877545149381E-7    0.03840853780825337
-1.2578397069620092E-7    1.3651740238658542E-7    0.03825155743508148
-1.5098219432383834E-7    1.7643605878306698E-7    0.03855516908815821
-1.265320220026924E-7     1.6337848760541094E-7    0.038288282593468566
-1.5067170962960982E-7    2.0384437789668062E-7    0.03887075216776532
-1.5018252273677674E-7    2.3139946141000598E-7    0.039202122086684714
-1.496208727789121E-7     2.5901245239265805E-7    0.03950118977920908
-1.4902250067931355E-7    2.866534385819547E-7     0.0397279612757318
-1.4846149779161817E-7    3.142857142857141E-7     0.03985583542059773
-5.707486789110402E-8     -1.242528582236106E-7    0.03850555263147525
-3.215995105733755E-8     -1.3751410656011034E-7   0.03867333202870942
-1.2153037657250535E-8    -1.7534904586798062E-7   0.03861725820063112
-1.5978370625528254E-8    -1.5317521900426708E-7   0.03875031769110647
9.04638144098048E-9       -1.829109444306752E-7    0.03872214484609788
3.187850994767633E-8      -1.9468674242831427E-7   0.03882973547013068
5.2565487618494664E-8     -2.0688419436886853E-7   0.03893906276246104
7.669351018286919E-8      -2.1983992209200922E-7   0.039117360496791626
1.0091190542863807E-7     -2.3285154432579803E-7   0.03932841357239672
1.2522940758688135E-7     -2.458744790609027E-7    0.03954940582227986
1.494407380478395E-7      -2.5914427824373546E-7   0.03973633795957892
1.737353223410788E-7      -2.723864902068079E-7    0.039850582369815916
1.9794866372215725E-7     -2.8571428571428575E-7   0.039855835420597494
-7.944947114149394E-8     -8.559710428185851E-8    0.038083738115785915
-8.405948206172866E-8     -5.963547324821162E-8    0.0378253943034221
-5.730733579854706E-8     -9.838812220430129E-8    0.03830578317399635
-9.028193406094619E-8     -3.7044541505727825E-8   0.03773028323011172
-8.957294779131211E-8     -1.1821052312109031E-8   0.038143136959454114
-9.13768667962619E-8      1.4461646729404228E-8    0.03931924251012878
-9.289765560730179E-8     4.264915737891285E-8     0.041299847312923965
-1.0827533120126628E-7    6.624357215885653E-8     0.03974644302242641
-1.0352910416948995E-7    9.543893258631801E-8     0.0404969844810355
-1.02242870909001E-7      1.227695991468217E-7     0.03972309128548595
-1.0257359697021362E-7    1.499424287856346E-7     0.038738622769373295
-1.2661008940093174E-7    1.905727249550989E-7     0.038534240905804595
-1.0277559544377674E-7    1.771325029232074E-7     0.03836874646469554
-1.2621008366618175E-7    2.1803918741530748E-7    0.03890143936804775
-1.255524324178842E-7     2.4563748254763903E-7    0.03927830686811393
-1.248898394841432E-7     2.7328659769065624E-7    0.03957500416993195
-1.242766435769269E-7     3.009490206237647E-7     0.039736035393734055
-1.2371791482634848E-7    3.285714285714284E-7     0.0397424380064625
-3.183113620554775E-8     -1.1180786617241462E-7   0.03853828603033672
7.703961259284732E-8      -1.928297259146099E-7    0.039426133751649356
-3.738559923112455E-9     -1.2701737536050902E-7   0.03880304261699586
7.115094494197647E-9      -1.5558250120328183E-7   0.0389188165847545
3.016644338726755E-8      -1.668458456053159E-7    0.039080448834951036
5.3564265753828E-8        -1.8000893278928558E-7   0.03924767597848774
1.0112819170685913E-7     -2.0573267415371696E-7   0.03960856779095261
1.254321821343637E-7      -2.1864601416140044E-7   0.039770183059818255
1.4979992996629427E-7     -2.3164309435094447E-7   0.039882470689863364
1.7410020633950196E-7     -2.4486966158989226E-7   0.03992140942580807
1.983769756907469E-7      -2.581443323793842E-7    0.03987530085289554
2.2269224668742696E-7     -2.7142857142857145E-7   0.03974243800646235
-5.84770834320823E-8      -7.134375882094845E-8    0.038025671939391714
-6.152474591869805E-8     -4.717978774693509E-8    0.03799978220238829
-3.4728261807733145E-8    -8.306609702928346E-8    0.03821784953723139
-6.482588047956537E-8     -2.3449527342202756E-8   0.03865684469486306
-4.64056973650274E-8      -3.3924757855534603E-8   0.038726964191995325
-6.391617227649077E-8     3.4160095130694846E-9    0.04166773949585512
-7.175236501864611E-8     3.048482967223628E-8     0.04542287661595973
-7.917994969103326E-8     5.700830757785714E-8     0.04734267456664023
-8.109979921439926E-8     8.226538565811605E-8     0.04791962623282254
-7.921261093151139E-8     1.0905856824205903E-7    0.04639182462377098
-7.88131045862065E-8      1.3636546997414832E-7    0.04225868269586729
-7.929401818340421E-8     1.634911106776338E-7     0.03941914905775062
-1.0249139409351163E-7    2.046176683733526E-7     0.03851635135912181
-7.916076480658834E-8     1.9102789187736084E-7    0.03845587784987004
-1.01709065965157E-7      2.3222561685081438E-7    0.038889388061174895
-1.008301312894198E-7     2.598940636246912E-7     0.03925976820004515
-1.0011031219010325E-7    2.8755767574443195E-7    0.03949331660134938
-9.954338437793972E-8     3.1523984773899917E-7    0.03953380735438492
-9.897433186107881E-8     3.4285714285714276E-7    0.039387866853763456
-1.2229169797870173E-8    -9.624231221660435E-8    0.03844977984802669
1.0120257860799238E-7     -1.7874199352977673E-7   0.03977649817526632
9.318393116010713E-9      -1.0147514677200146E-7   0.038620989210281294
1.639974622702761E-8      -1.1894753449168529E-7   0.03887019689815946
7.708494233399019E-8      -1.6594576297398808E-7   0.03958854878312939
2.4711372465190837E-8     -1.3857288603696633E-7   0.03906977630199542
5.254250138934806E-8      -1.529095814724607E-7    0.03935585745920294
1.254456223724718E-7      -1.917262057031986E-7    0.03990402890707553
1.4981692939557765E-7     -2.0465412558065017E-7   0.03995412979366059
1.2530729845095557E-7     -1.6495551634756E-7      0.03992127724656569
1.7422596651959923E-7     -2.1761422990652856E-7   0.039916734677412795
1.9873375540775515E-7     -2.3060106267916772E-7   0.039795293248907675
2.230516596465614E-7      -2.4386592265757995E-7   0.03961170167039765
2.4743582965269665E-7     -2.5714285714285716E-7   0.0393878668537633
-3.5576678971846506E-8    -5.3737329795931465E-8   0.038207587393126075
-1.2948166640505056E-8    -6.687719296550054E-8    0.03823102266769419
-2.9493224097487374E-8    -3.217530513261944E-8    0.039426693080366754
-4.063086519636493E-8     -1.3066606769970167E-8   0.04155562792158333
-5.175137888649935E-8     2.239656118733372E-8     0.05092121859563349
-4.1888577449434556E-8    8.777533085702656E-9     0.04818800608054669
-5.139216685428963E-8     4.297729564684028E-8     0.0625703532592181
-5.4500176739527686E-8    6.850303773773908E-8     0.0710700937413584
-5.6230114461251644E-8    9.474790908728304E-8     0.0675031083237305
-5.336045312345422E-8     1.2276843123371715E-7    0.0568049793015269
-5.618936988462913E-8     1.5026656969812856E-7    0.044403330742174736
-5.6018616022501725E-8    1.771017061840392E-7     0.03976219076005172
-7.846439767686125E-8     2.187702681033703E-7     0.03849341301231876
-5.591931331824527E-8     2.0505886447346055E-7    0.03842602052567151
-7.705838106635301E-8     2.4641531838791755E-7    0.038841689865612865
-7.601020278941841E-8     2.7406674950666046E-7    0.03915056812026912
-7.52260628109082E-8      3.018590108770659E-7     0.03926305360656105
-7.475612814845492E-8     3.294323236258324E-7     0.03915076076977681
-7.423074889580914E-8     3.57142857142857E-7      0.038879445205687944
9.206987980658976E-9      -7.670313095552523E-8    0.03834155040527845
5.416268158488438E-9      -5.714261293415194E-8    0.03842521322951747
1.0112270517421722E-7     -1.5207894134174012E-7   0.03978265116224517
3.296359468970507E-8      -1.1234957289098277E-7   0.03891894981795423
3.1877308478626165E-8     -8.609306223868874E-8    0.03855174267374035
7.707235513714404E-8      -1.3924969658671576E-7   0.03954511924929657
5.2668817724530554E-8     -1.2687873884349562E-7   0.03923932456509075
1.248692991916362E-7      -1.382601496169763E-7    0.03980595913115378
1.7420780893306353E-7     -1.905828945056572E-7    0.03984433484993088
1.4972860379052406E-7     -1.7784102892245271E-7   0.039942590706140584
1.4944656954560603E-7     -1.512126995693081E-7    0.03984456410319271
1.9862927202463437E-7     -2.034396319606301E-7    0.03964820902914504
2.2323650693776856E-7     -2.1638474717539696E-7   0.039390171304372494
2.477083286479566E-7      -2.2955623115618992E-7   0.03912283168812864
2.7217941261796636E-7     -2.428571428571428E-7    0.03887944520568789
-9.324081520388547E-9     -4.223560510858477E-8    0.038992368917558216
-1.5528797433809503E-8    -1.791222613307623E-8    0.042411156478229246
-2.248215258347517E-8     3.893496415040944E-9     0.05056012843899783
-3.06698951375275E-8      2.725400155543945E-8     0.06653425683404844
-2.8409835055351695E-8    5.3852294773660855E-8    0.10202725355674439
-3.400773890309907E-8     8.129489744599249E-8     0.10864756432938516
-3.519987133464059E-8     1.0459785391174927E-7    0.09117975864715265
-3.067813886010732E-8     1.241620403818485E-7     0.07397604911933922
-3.741997401290273E-8     1.400361041288378E-7     0.05517783991843146
-3.175323066794465E-8     1.6308289362454096E-7    0.04491350250724784
-3.3409617722124115E-8    1.9066912679832956E-7    0.039394474712048315
-5.4190050293137285E-8    2.3282906596284646E-7    0.038450098237342696
-3.338633970676207E-8     2.1928693382990318E-7    0.0382918228642933
-5.2013700460540637E-8    2.603720186027972E-7     0.038754198906693564
-5.0825352518903157E-8    2.883012011267553E-7     0.038952048481740255
-5.030504482561156E-8     3.1580370123827835E-7    0.03891122974129172
-5.000445886661783E-8     3.435134583294864E-7     0.038678697757104065
-4.9487165930539465E-8    3.7142857142857134E-7    0.03847083520221816
1.2354758578991606E-8     -4.1907439857655134E-8   0.03909348397149039
2.7791842393685215E-8     -5.7989695783494085E-8   0.03843945551615061
1.012276896395021E-7      -1.254618146138168E-7    0.03961197162846774
5.458413208233027E-8      -9.90827463003743E-8     0.0389057505916327
5.336767470795528E-8      -7.217678033084475E-8    0.03851164197983269
7.779889686968576E-8      -1.1227370766217899E-7   0.039291055363792744
1.2426896805538018E-7     -1.1254181429530867E-7   0.039569151929554174
1.4796931358465689E-7     -1.2445896975533897E-7   0.039665445166981776
1.984897344952421E-7      -1.7637671699519928E-7   0.03946411145300121
1.7408776540098626E-7     -1.6397638386242925E-7   0.03971877547645864
1.7278894987818433E-7     -1.3769565312733243E-7   0.03956729702028373
2.228776196166168E-7      -1.8908373730579576E-7   0.03914763853225022
2.4780312619826833E-7     -2.020471939687392E-7    0.03884074866691256
2.722990455091571E-7      -2.1508047622037296E-7   0.038619197115559216
2.96922995583236E-7       -2.2857142857142852E-7   0.03847083520221811
6.802169036215011E-9      -2.29399559920191E-8     0.041668868995152125
2.615400755041635E-10     -1.8929560587112777E-9   0.0495850073583311
-6.572703356547041E-9     2.0305569314063877E-8    0.0693029985879368
-1.2482603580504309E-8    3.883778839017169E-8     0.09623789209412437
-6.385480985958153E-9     5.376136504593022E-8     0.12826334106595952
-1.1670846943890797E-8    7.297078171623365E-8     0.14731261998238696
-1.8035588883931983E-8    9.309750744928906E-8     0.1316912016955206
-1.2966587890364605E-8    1.1396544176728752E-7    0.1050474870972546
-1.508775603738076E-8     1.399313192133347E-7     0.06419322174706323
-1.5135138855564383E-8    1.8036975763519799E-7    0.0414041532972896
-9.012142140509788E-9     1.6320567171391898E-7    0.04730407772626105
-9.313757502031137E-9     2.046210532259763E-7     0.0386751115474614
-2.9133499049182773E-8    2.461826187450177E-7     0.03838658015898477
-1.3276375247048021E-8    2.3007671903369456E-7    0.03817850240041601
-2.5739110863079422E-8    2.735602902998357E-7     0.038615797975321865
-2.552135289212645E-8     3.01612786414073E-7      0.03867929184733971
-2.5357918130979916E-8    3.296177378332214E-7     0.038510078916679784
-2.5166578169083232E-8    3.5759142943629297E-7    0.03834137103638983
-2.4743582965269792E-8    3.8571428571428564E-7    0.038847016065086386
3.0907731834546694E-8     -2.991653437960336E-8    0.03996364963152584
5.090033174337506E-8      -4.461113008456954E-8    0.03861004018253194
1.0223893124374635E-7     -9.839832981863635E-8    0.039278661048646024
7.603226587541031E-8      -5.977346094991975E-8    0.0385018779684236
7.900145539086125E-8      -8.457091981003508E-8    0.03887424662482641
1.244799431778714E-7      -9.022116370735584E-8    0.039280182332389384
1.4482863149486808E-7     -9.845045825972769E-8    0.03941450671024468
1.7161496535216744E-7     -1.0861126081798022E-7   0.03935798449604088
2.2202743199651333E-7     -1.618780102079589E-7    0.03893563632442912
1.991085089996386E-7      -1.4929964412872436E-7   0.039257951892577254
1.9446872333983292E-7     -1.2388582041569694E-7   0.03916096592312329
2.4684884282614686E-7     -1.7461971784460886E-7   0.03865341345906973
2.434147913176688E-7      -1.5296308367871016E-7   0.03858891089423957
2.721859729373028E-7      -1.869442850828656E-7    0.03859182714868792
2.9698141685350386E-7     -2.0048742587937732E-7   0.038753264242347985
3.2166657854850574E-7     -2.1428571428571423E-7   0.03884701606508623
2.266257871465163E-8      -7.222592752166908E-9    0.045833515738584324
1.709586610402797E-8      1.4727883235217505E-8    0.06164107172937918
9.593828594446536E-9      3.9044947341716804E-8    0.10061561959353371
1.070630624156942E-8      6.399527113504215E-8     0.1446572870540086
5.44408042650424E-9       9.38787522869006E-8      0.14729024669922866
8.00198473840609E-9       1.2359612375189216E-7    0.09162304556297672
9.363542026268794E-9      1.525650165205492E-7     0.05399101115715249
7.820666413212163E-9      1.8027862373960207E-7    0.041605467127268765
1.436356138354011E-8      2.0447409197267689E-7    0.03856278837166456
7.839834116310295E-9      2.2720869229679143E-7    0.038076422184781404
-1.0990509869874762E-9    2.5435768706521114E-7    0.038264889029991374
-4.3334186977469E-10      2.864116732283283E-7     0.0384571732948368
-3.6373742705595047E-10   3.1537544030384436E-7    0.03837548074259087
-3.4353098103104194E-10   3.43593176754691E-7      0.038206428249669834
-1.8856604966510725E-10   3.717033399394406E-7     0.03862882647851797
0                         4.0E-7                   0.04164531318609249
5.116416536313734E-8      -2.4428240406126218E-8   0.039775931965935284
4.1244919301711594E-8     -1.1404202887598396E-8   0.042585795249926756
7.043945804181741E-8      -3.0368392423503176E-8   0.03873847058955269
9.215758184487031E-8      -4.251360272703134E-8    0.038417137473768105
1.0797725320812233E-7     -6.662676104068126E-8    0.038808545026043084
1.1102785158218013E-7     -4.5065161914367985E-8   0.038511321588284804
1.3736112602821288E-7     -7.193520766822782E-8    0.03906440013063144
1.632208060852918E-7      -8.365633544879351E-8    0.03919302414943999
1.9236733579595195E-7     -1.0302613388864628E-7   0.03905443737652278
1.830328740043746E-7      -8.982498282217872E-8    0.039084806289041915
2.0791544808289774E-7     -1.0725873242816379E-7   0.03883220355515457
2.2493960018637507E-7     -1.3046403222741708E-7   0.038685101112056995
2.53902114420503E-7       -1.3499685357901068E-7   0.038613579324753004
2.6933126809744604E-7     -1.5586169314975534E-7   0.03889367342823935
2.968312724720957E-7      -1.717726754417386E-7    0.040168208254850506
3.217179383590891E-7      -1.8587981544242657E-7   0.04152775691545219
3.4641016151377545E-7     -1.999999999999999E-7    0.04164531318609248
4.0363710176870244E-8     8.301535078467295E-9     0.0500345643465173
3.643068129831477E-8      2.9805600493232646E-8    0.06871891176709614
3.3215688613878285E-8     5.44909979189571E-8      0.10271187437545977
3.1728680629645994E-8     8.113733024918688E-8     0.12223343601599201
3.0945914607606284E-8     1.0877887144013857E-7    0.09819466376098529
3.178937494176009E-8      1.3738594301050126E-7    0.06150849499114156
3.1949054937996075E-8     1.650966918826744E-7     0.044447114495862056
3.253440844353845E-8      1.9162638970079973E-7    0.039153990493780676
3.168981739682787E-8      2.173946986273685E-7     0.03799964656892243
2.7782440634838123E-8     2.4458799842654026E-7    0.03802995216254474
2.5266695369024157E-8     2.7247581742627016E-7    0.038245137372717036
2.4856522007083583E-8     3.010877719970789E-7     0.03826693393043173
2.469064421585671E-8      3.293985218299616E-7     0.03810626870806033
2.464911602830362E-8      3.575817784944975E-7     0.03823772505146184
2.4743582965269713E-8     3.857142857142857E-7     0.04028582520903345
6.232838589423597E-8      -5.8409422553566295E-9   0.041324079344639546
8.867629300341579E-8      -1.5270546735892523E-8   0.038735701908398555
1.1360178411641119E-7     -2.6956062824631798E-8   0.03834118036059057
1.3186918124353875E-7     -4.778656157897395E-8    0.03868460298473175
1.5904766338030358E-7     -5.741577680295453E-8    0.03891541769703206
1.8412390041116673E-7     -6.94690869698099E-8     0.03892179881728699
2.0451088181601253E-7     -8.544018949654032E-8    0.038771122273414886
2.281907675912083E-7      -9.945234596333826E-8    0.0384979486329016
2.5079874107184696E-7     -1.1299685164883432E-7   0.03855911899324966
2.7441856179616387E-7     -1.2683268418848558E-7   0.03978032269127398
2.9771732091224153E-7     -1.42902552232868E-7     0.043042981522472205
3.2195784981607615E-7     -1.572351532680166E-7    0.04855316765159306
3.4641016151377545E-7     -1.7142857142857127E-7   0.05218260719589541
5.587163728468258E-8      4.351527848373036E-8     0.063248176856301
6.063550871865856E-8      2.033577328810455E-8     0.04857314302778221
5.457160947108699E-8      6.981614149488219E-8     0.07786207528016698
7.274089586737534E-8      5.831087691446399E-8     0.05442303288779533
5.5488484417230764E-8     9.586394721920057E-8     0.07341087685706908
5.535918776831288E-8      1.234589289354317E-7     0.05756034310714437
5.5116565571970446E-8     1.5082002553232152E-7    0.04500267590820816
5.5089766825649856E-8     1.7791828613288028E-7    0.03950121233637805
5.4584217671776795E-8     2.0469525088280765E-7    0.03794923181645949
5.303444213096342E-8      2.3177576848459515E-7    0.0378257927262822
5.1319795931783765E-8     2.594332932555535E-7     0.038042683152302754
5.0189802080258084E-8     2.874954524262345E-7     0.03815660246715482
4.9789184652739235E-8     3.1536800572223986E-7    0.038055700391797405
4.9556871304662664E-8     3.4337545401648355E-7    0.03795594421706566
4.9487165930539425E-8     3.714285714285714E-7     0.038763830928942096
8.628648317059181E-8      1.0004119365416561E-8    0.04041397384089809
1.1285799204804116E-7     -1.4699490068795461E-9   0.03835618545421957
1.3496994621541357E-7     -1.8073301933605937E-8   0.03832775598722645
1.5801285854929532E-7     -3.090344703247018E-8    0.038602898662291614
1.8223615125857164E-7     -4.3317215406440973E-8   0.038733641014168284
2.0544321687207284E-7     -5.700971739089436E-8    0.03862675891468042
2.2836165144287448E-7     -7.123449853858474E-8    0.038390463274184855
2.516633034546135E-7      -8.54682308551693E-8     0.03844648576057024
2.7503656674385125E-7     -9.940414065892132E-8    0.03995593919078919
2.988704800306953E-7      -1.1410300082986498E-7   0.04568569143303119
3.226602441254795E-7      -1.2857016220535228E-7   0.05901035360696438
3.4641016151377545E-7     -1.4285714285714271E-7   0.0755161643502881
8.359003552195429E-8      3.800071284818544E-8     0.044665938051812085
9.072265260023144E-8      6.042410412439229E-8     0.04476768194388275
8.058488449109695E-8      8.14670930177061E-8      0.050648409160370986
7.974222865627461E-8      1.1052632796134814E-7    0.04743187544789568
7.90941182382638E-8       1.3739038424084686E-7    0.04239075962331145
7.849660378345853E-8      1.6418858621476406E-7    0.03907593946608263
7.790522962724787E-8      1.9110344431446107E-7    0.03778691077657665
7.733203284301211E-8      2.1837710856225625E-7    0.0376145536891865
7.642278938387702E-8      2.4606492560330286E-7    0.037822116376825095
7.556983630666143E-8      2.736666915258954E-7     0.03800398170401947
7.494420600330656E-8      3.015549456494247E-7     0.038001863431946385
7.449957387749465E-8      3.2926737478340366E-7    0.037854398898283396
7.423074889580914E-8      3.5714285714285705E-7    0.0379337872236356
1.0963073472417397E-7     2.4269696014382124E-8    0.03898959410704656
1.3473293455913983E-7     1.0900383910264676E-8    0.03811616078210107
1.5820848705532518E-7     -2.8599531615723734E-9   0.038295786518176826
1.8174572214261903E-7     -1.5967873311273332E-8   0.038513702413368815
2.0517662998025158E-7     -2.917652501468902E-8    0.038513794574947274
2.2852859778449575E-7     -4.299068144519085E-8    0.03831470760824717
2.51863049928382E-7       -5.706732768726855E-8    0.038235567721975276
2.753231414890071E-7      -7.121887530425897E-8    0.03933476381672484
2.9894172203727337E-7     -8.551869588162044E-8    0.04478475642386336
3.226926175012293E-7      -9.994981612501435E-8    0.062300872528534466
3.4641016151377545E-7     -1.1428571428571417E-7   0.09789876500367921
1.0924234646535214E-7     4.914514733881701E-8     0.0398234860177905
1.074551006553785E-7      7.519669050278887E-8     0.040574699459289154
1.0458578742370536E-7     1.0040262213032235E-7    0.04057574800668696
1.0337481583714978E-7     1.2459558173992518E-7    0.03941863461668733
1.0255337272171668E-7     1.5079802768704183E-7    0.038143138594199454
1.0202235632011014E-7     1.7749655242418037E-7    0.0374703639660472
1.0167141582618057E-7     2.0453974545257715E-7    0.03737586991683667
1.0113554994554904E-7     2.3208335932177705E-7    0.03756426935653317
1.0052378432402652E-7     2.5977180285878026E-7    0.0377784329956243
9.992187819708268E-8      2.8740709536232E-7       0.037871794656698425
9.950147408538998E-8      3.1521633597844675E-7    0.03780254876461458
9.897433186107885E-8      3.4285714285714276E-7    0.0376774749622841
1.343541395066376E-7      3.8482818913082376E-8    0.038070667632896855
1.5838421772203928E-7     2.5051209636802272E-8    0.03803210195523155
1.8182263876773715E-7     1.1824330422048327E-8    0.038278579372889095
2.0516147903500362E-7     -1.3918109649079131E-9   0.038385985076003666
2.2848656126718637E-7     -1.4833239363407389E-8   0.03826947105667902
2.5194821643718765E-7     -2.872651468666354E-8    0.03808254170731085
2.754400502325723E-7      -4.281249832506247E-8    0.03848498683337728
2.990340722102584E-7      -5.7048101185351136E-8   0.041657465394206235
3.22704072245738E-7       -7.137060709179589E-8    0.05423737799943739
3.4641016151377545E-7     -8.57142857142856E-8     0.08975559430433365
1.2518874526597282E-7     9.036686412232514E-8     0.03832431024924613
1.350538354272474E-7      6.9156880200421E-8       0.037995139150825585
1.279077517023339E-7      1.1131199906395665E-7    0.03784133085741414
1.2644097252107544E-7     1.3719179772788633E-7    0.03745208737550468
1.260196398521366E-7      1.640006633282999E-7     0.03717997502471843
1.2590114782892708E-7     1.9079280425473993E-7    0.03716164632784962
1.256325859225325E-7      2.1801501536220948E-7    0.037316449459835754
1.2522416380724193E-7     2.455926967719573E-7     0.0375145496203071
1.2474376726593608E-7     2.7326605964358597E-7    0.03765206171052648
1.2424061283430107E-7     3.0093277335362973E-7    0.03767838629087956
1.2371791482634854E-7     3.2857142857142847E-7    0.03760060374052626
1.5908076814187286E-7     5.2373596377807194E-8    0.037802246949045056
1.8212543113515647E-7     3.958258631581285E-8     0.03802680856684529
2.0534677210018842E-7     2.652283806514497E-8     0.03821300160493125
2.2861493762205612E-7     1.321213985312769E-8     0.03820565849418838
2.5197589998245976E-7     -3.869650056305865E-10   0.03802819297149431
2.755014898914018E-7      -1.4381964402292445E-8   0.037974756001932064
2.990857946356008E-7      -2.854208535899389E-8    0.03908688329222615
3.2273167710129707E-7     -4.2825731737569125E-8   0.04462069457436884
3.4641016151377545E-7     -5.714285714285704E-8    0.06298352974382117
1.5103531269399045E-7     9.572368984462857E-8     0.037454457258595676
1.6181490075749048E-7     7.529391599628887E-8     0.037598092830570785
1.4910592807856417E-7     1.2345647649465813E-7    0.03722136979956603
1.493418146882586E-7      1.5062519975815968E-7    0.03706534128355357
1.499150936126291E-7      1.7714003883253208E-7    0.03707050919946974
1.4999340091451448E-7     2.0410281421223916E-7    0.03721602127265106
1.4985839544311025E-7     2.313990011387853E-7     0.037406063640935176
1.4944793039377798E-7     2.590078473322285E-7     0.03753058959074903
1.4896833188626097E-7     2.866472118648837E-7     0.037554539527021334
1.4846149779161825E-7     3.1428571428571417E-7    0.03751248017151479
1.828550946110387E-7      6.66172539661873E-8      0.03775877428608502
2.0576220185435817E-7     5.435793235273054E-8     0.03797319091362338
2.2881388836641564E-7     4.133127317344524E-8     0.03806337835492359
2.520577203898004E-7      2.791146153657268E-8     0.03798164036916043
2.755117524221227E-7      1.4121928901036521E-8    0.037810520395689155
2.9911641302724657E-7     -1.5352139264337453E-11  0.03793302739040973
3.2275217957366235E-7     -1.4276225437697382E-8   0.039529643534085966
3.4641016151377545E-7     -2.8571428571428493E-8   0.04560850757082344
1.693966093673871E-7      1.1593804423098202E-7    0.0372397769225711
1.8196216947201552E-7     9.578465116671322E-8     0.03745417641807502
1.7065858504365854E-7     1.3866268800462825E-7    0.03712308210729939
1.7392029536312543E-7     1.633336434020466E-7     0.03718537660781527
1.7430564100661297E-7     1.9006770150377592E-7    0.03748971307201277
1.7431669932140165E-7     2.1727464863184093E-7    0.03792554984552538
1.7413969908166694E-7     2.446917989861061E-7     0.03816961581064398
1.7368485590077964E-7     2.723548944656975E-7     0.03803098134952084
1.7320508075688796E-7     2.999999999999999E-7     0.03771357109483605
2.0638509630533858E-7     8.231084158777111E-8     0.03767803958864316
2.2907493149854135E-7     6.973794303310107E-8     0.03781831772180324
2.5220648038548887E-7     5.6005414950606036E-8    0.03784473014048339
2.7558686110314886E-7     4.2343017505235525E-8    0.03774394743888259
2.9912820160690905E-7     2.844669334043803E-8     0.03762254019457933
3.2276076691817835E-7     1.4273919123341128E-8    0.03783625662955414
3.4641016151377545E-7     6.617444900424221E-23    0.03926817897874373
1.9440277905548893E-7     1.2409754634719309E-7    0.03730379145435741
2.0725736058636626E-7     1.0478767408917765E-7    0.0374693725392943
1.9953097639805065E-7     1.4803632378995311E-7    0.037505038203804845
1.9883923160055357E-7     1.7564712460250524E-7    0.03831326709975092
1.9880338464098334E-7     2.0299007970576147E-7    0.0398289902125698
1.9875849850772493E-7     2.3045647753645497E-7    0.04120505594355
1.9838680240146996E-7     2.5806680424518224E-7    0.041106358415450385
1.9794866372215765E-7     2.857142857142856E-7     0.039713939053624865
2.2902700756738372E-7     9.802795941838124E-8     0.03757811579679838
2.521836360524127E-7      8.409119344928214E-8     0.03764754806957616
2.755598986293981E-7      7.054185587005622E-8     0.037624589236282986
2.9910007296512154E-7     5.685644573108764E-8     0.037539951263524836
3.227476319903005E-7      4.279501547020549E-8     0.0374772935522229
3.4641016151377545E-7     2.8571428571428625E-8    0.037658887732584745
2.2573074507855074E-7     1.2871128748636447E-7    0.03772563960924064
2.2239713688847188E-7     1.601525198154923E-7     0.03921452410529552
2.2312930805082565E-7     1.8835876832402507E-7    0.0432702029310719
2.2333754631463955E-7     2.1606439390008825E-7    0.049149854727192584
2.2308122752215324E-7     2.437555931891451E-7     0.05199340518050848
2.2269224668742736E-7     2.714285714285713E-7     0.04854977385316439
2.518991138199007E-7      1.1160078595226006E-7    0.03773296000508456
2.7533778737096157E-7     9.862013973899717E-8     0.0376365970912795
2.989884191535441E-7      8.51689201931365E-8      0.037505399751067196
3.226929754464063E-7      7.126584805595259E-8     0.03742319551236042
3.4641016151377545E-7     5.7142857142857184E-8    0.03741188583097029
2.43876911967247E-7       1.5140783875481348E-7    0.04015854292674869
2.5429015308515424E-7     1.3407922542867344E-7    0.038816059853746164
2.4713058317583087E-7     1.7376101543529435E-7    0.046104813423406214
2.48068150412763E-7       2.0135724330592284E-7    0.060932897160207465
2.4787364634869403E-7     2.2937495730022924E-7    0.07747467065467163
2.474358296526971E-7      2.5714285714285695E-7    0.07651780664233834
2.748253537649412E-7      1.2607491019186187E-7    0.03871125240014225
2.98775826152729E-7       1.1347506058548239E-7    0.03804444640812383
3.2259129904549523E-7     9.965730387612757E-8     0.03756865836661178
3.4641016151377545E-7     8.571428571428578E-8     0.03742656471697195
2.695532731752215E-7      1.5464228244547629E-7    0.04361481613721531
2.723082369738614E-7      1.853444564923685E-7     0.0636521381827004
2.724174369303143E-7      2.144921262257001E-7     0.10295517685637899
2.721794126179668E-7      2.428571428571427E-7     0.1270136658644293
2.9756880759436773E-7     1.4156920494057965E-7    0.04135351888467106
3.222580737749288E-7      1.280150496419663E-7     0.03891577755266556
3.4641016151377545E-7     1.1428571428571437E-7    0.037781034287613105
2.96765948644467E-7       1.703852090444677E-7     0.054979046883127276
2.9697791578835533E-7     1.9970011920514702E-7    0.09499777408679667
2.9692299558323645E-7     2.285714285714284E-7     0.14829397663873212
3.2184875567839665E-7     1.565838069489427E-7     0.04515093218040092
3.4641016151377545E-7     1.4285714285714293E-7    0.039766651933545026
3.2167938102906534E-7     1.8524766378092826E-7    0.06585546040695357
3.2166657854850616E-7     2.142857142857141E-7     0.10885486921214893
3.4641016151377545E-7     1.7142857142857149E-7    0.04683173444259429
3.4641016151377545E-7     2.0000000000000004E-7    0.06377474100167105
